c picross_10_10_1B0A7J8GFE0I947QOP210BVVZGHGSK.txt : Picross CNF file python generated.
101 102 0
c (0, 0, 0) or (0, 0, 1)
-102 -101 0
c (0, 0, 1) => not (0, 0, 0)
-101 -121 0
c (0, 0, 0) => not (0, 1, 0)
-101 -122 0
c (0, 0, 0) => not (0, 1, 1)
-102 -122 0
c (0, 0, 1) => not (0, 1, 1)
-102 -123 0
c (0, 0, 1) => not (0, 1, 2)
-101 1 0
c (0, 0, 0) => (0, 0)
-101 -2 0
c (0, 0, 0) =>  not (0, 1)
-102 2 0
c (0, 0, 1) => (0, 1)
-102 -3 0
c (0, 0, 1) =>  not (0, 2)
123 124 0
c (0, 1, 2) or (0, 1, 3)
-124 -123 0
c (0, 1, 3) => not (0, 1, 2)
-123 3 0
c (0, 1, 2) => (0, 2)
-123 4 0
c (0, 1, 2) => (0, 3)
-123 5 0
c (0, 1, 2) => (0, 4)
-123 6 0
c (0, 1, 2) => (0, 5)
-123 7 0
c (0, 1, 2) => (0, 6)
-123 8 0
c (0, 1, 2) => (0, 7)
-123 9 0
c (0, 1, 2) => (0, 8)
-123 -10 0
c (0, 1, 2) =>  not (0, 9)
-124 4 0
c (0, 1, 3) => (0, 3)
-124 5 0
c (0, 1, 3) => (0, 4)
-124 6 0
c (0, 1, 3) => (0, 5)
-124 7 0
c (0, 1, 3) => (0, 6)
-124 8 0
c (0, 1, 3) => (0, 7)
-124 9 0
c (0, 1, 3) => (0, 8)
-124 10 0
c (0, 1, 3) => (0, 9)
501 502 503 504 0
c (1, 0, 0) or (1, 0, 1) or (1, 0, 2) or (1, 0, 3)
-502 -501 0
c (1, 0, 1) => not (1, 0, 0)
-503 -501 0
c (1, 0, 2) => not (1, 0, 0)
-503 -502 0
c (1, 0, 2) => not (1, 0, 1)
-504 -501 0
c (1, 0, 3) => not (1, 0, 0)
-504 -502 0
c (1, 0, 3) => not (1, 0, 1)
-504 -503 0
c (1, 0, 3) => not (1, 0, 2)
-501 11 0
c (1, 0, 0) => (1, 0)
-501 12 0
c (1, 0, 0) => (1, 1)
-501 13 0
c (1, 0, 0) => (1, 2)
-501 14 0
c (1, 0, 0) => (1, 3)
-501 15 0
c (1, 0, 0) => (1, 4)
-501 16 0
c (1, 0, 0) => (1, 5)
-501 17 0
c (1, 0, 0) => (1, 6)
-501 -18 0
c (1, 0, 0) =>  not (1, 7)
-502 12 0
c (1, 0, 1) => (1, 1)
-502 13 0
c (1, 0, 1) => (1, 2)
-502 14 0
c (1, 0, 1) => (1, 3)
-502 15 0
c (1, 0, 1) => (1, 4)
-502 16 0
c (1, 0, 1) => (1, 5)
-502 17 0
c (1, 0, 1) => (1, 6)
-502 18 0
c (1, 0, 1) => (1, 7)
-502 -19 0
c (1, 0, 1) =>  not (1, 8)
-503 13 0
c (1, 0, 2) => (1, 2)
-503 14 0
c (1, 0, 2) => (1, 3)
-503 15 0
c (1, 0, 2) => (1, 4)
-503 16 0
c (1, 0, 2) => (1, 5)
-503 17 0
c (1, 0, 2) => (1, 6)
-503 18 0
c (1, 0, 2) => (1, 7)
-503 19 0
c (1, 0, 2) => (1, 8)
-503 -20 0
c (1, 0, 2) =>  not (1, 9)
-504 14 0
c (1, 0, 3) => (1, 3)
-504 15 0
c (1, 0, 3) => (1, 4)
-504 16 0
c (1, 0, 3) => (1, 5)
-504 17 0
c (1, 0, 3) => (1, 6)
-504 18 0
c (1, 0, 3) => (1, 7)
-504 19 0
c (1, 0, 3) => (1, 8)
-504 20 0
c (1, 0, 3) => (1, 9)
901 0
c (2, 0, 0)
-901 -921 0
c (2, 0, 0) => not (2, 1, 0)
-901 -922 0
c (2, 0, 0) => not (2, 1, 1)
-901 -923 0
c (2, 0, 0) => not (2, 1, 2)
-901 21 0
c (2, 0, 0) => (2, 0)
-901 22 0
c (2, 0, 0) => (2, 1)
-901 -23 0
c (2, 0, 0) =>  not (2, 2)
924 0
c (2, 1, 3)
-924 24 0
c (2, 1, 3) => (2, 3)
-924 25 0
c (2, 1, 3) => (2, 4)
-924 26 0
c (2, 1, 3) => (2, 5)
-924 27 0
c (2, 1, 3) => (2, 6)
-924 28 0
c (2, 1, 3) => (2, 7)
-924 29 0
c (2, 1, 3) => (2, 8)
-924 30 0
c (2, 1, 3) => (2, 9)
1301 1302 1303 1304 0
c (3, 0, 0) or (3, 0, 1) or (3, 0, 2) or (3, 0, 3)
-1302 -1301 0
c (3, 0, 1) => not (3, 0, 0)
-1303 -1301 0
c (3, 0, 2) => not (3, 0, 0)
-1303 -1302 0
c (3, 0, 2) => not (3, 0, 1)
-1304 -1301 0
c (3, 0, 3) => not (3, 0, 0)
-1304 -1302 0
c (3, 0, 3) => not (3, 0, 1)
-1304 -1303 0
c (3, 0, 3) => not (3, 0, 2)
-1301 -1321 0
c (3, 0, 0) => not (3, 1, 0)
-1301 -1322 0
c (3, 0, 0) => not (3, 1, 1)
-1301 -1323 0
c (3, 0, 0) => not (3, 1, 2)
-1302 -1322 0
c (3, 0, 1) => not (3, 1, 1)
-1302 -1323 0
c (3, 0, 1) => not (3, 1, 2)
-1302 -1324 0
c (3, 0, 1) => not (3, 1, 3)
-1303 -1323 0
c (3, 0, 2) => not (3, 1, 2)
-1303 -1324 0
c (3, 0, 2) => not (3, 1, 3)
-1303 -1325 0
c (3, 0, 2) => not (3, 1, 4)
-1304 -1324 0
c (3, 0, 3) => not (3, 1, 3)
-1304 -1325 0
c (3, 0, 3) => not (3, 1, 4)
-1304 -1326 0
c (3, 0, 3) => not (3, 1, 5)
-1301 31 0
c (3, 0, 0) => (3, 0)
-1301 32 0
c (3, 0, 0) => (3, 1)
-1301 -33 0
c (3, 0, 0) =>  not (3, 2)
-1302 32 0
c (3, 0, 1) => (3, 1)
-1302 33 0
c (3, 0, 1) => (3, 2)
-1302 -34 0
c (3, 0, 1) =>  not (3, 3)
-1303 33 0
c (3, 0, 2) => (3, 2)
-1303 34 0
c (3, 0, 2) => (3, 3)
-1303 -35 0
c (3, 0, 2) =>  not (3, 4)
-1304 34 0
c (3, 0, 3) => (3, 3)
-1304 35 0
c (3, 0, 3) => (3, 4)
-1304 -36 0
c (3, 0, 3) =>  not (3, 5)
1324 1325 1326 1327 0
c (3, 1, 3) or (3, 1, 4) or (3, 1, 5) or (3, 1, 6)
-1325 -1324 0
c (3, 1, 4) => not (3, 1, 3)
-1326 -1324 0
c (3, 1, 5) => not (3, 1, 3)
-1326 -1325 0
c (3, 1, 5) => not (3, 1, 4)
-1327 -1324 0
c (3, 1, 6) => not (3, 1, 3)
-1327 -1325 0
c (3, 1, 6) => not (3, 1, 4)
-1327 -1326 0
c (3, 1, 6) => not (3, 1, 5)
-1324 -1344 0
c (3, 1, 3) => not (3, 2, 3)
-1324 -1345 0
c (3, 1, 3) => not (3, 2, 4)
-1324 -1346 0
c (3, 1, 3) => not (3, 2, 5)
-1325 -1345 0
c (3, 1, 4) => not (3, 2, 4)
-1325 -1346 0
c (3, 1, 4) => not (3, 2, 5)
-1325 -1347 0
c (3, 1, 4) => not (3, 2, 6)
-1326 -1346 0
c (3, 1, 5) => not (3, 2, 5)
-1326 -1347 0
c (3, 1, 5) => not (3, 2, 6)
-1326 -1348 0
c (3, 1, 5) => not (3, 2, 7)
-1327 -1347 0
c (3, 1, 6) => not (3, 2, 6)
-1327 -1348 0
c (3, 1, 6) => not (3, 2, 7)
-1327 -1349 0
c (3, 1, 6) => not (3, 2, 8)
-1324 34 0
c (3, 1, 3) => (3, 3)
-1324 35 0
c (3, 1, 3) => (3, 4)
-1324 -36 0
c (3, 1, 3) =>  not (3, 5)
-1325 35 0
c (3, 1, 4) => (3, 4)
-1325 36 0
c (3, 1, 4) => (3, 5)
-1325 -37 0
c (3, 1, 4) =>  not (3, 6)
-1326 36 0
c (3, 1, 5) => (3, 5)
-1326 37 0
c (3, 1, 5) => (3, 6)
-1326 -38 0
c (3, 1, 5) =>  not (3, 7)
-1327 37 0
c (3, 1, 6) => (3, 6)
-1327 38 0
c (3, 1, 6) => (3, 7)
-1327 -39 0
c (3, 1, 6) =>  not (3, 8)
1347 1348 1349 1350 0
c (3, 2, 6) or (3, 2, 7) or (3, 2, 8) or (3, 2, 9)
-1348 -1347 0
c (3, 2, 7) => not (3, 2, 6)
-1349 -1347 0
c (3, 2, 8) => not (3, 2, 6)
-1349 -1348 0
c (3, 2, 8) => not (3, 2, 7)
-1350 -1347 0
c (3, 2, 9) => not (3, 2, 6)
-1350 -1348 0
c (3, 2, 9) => not (3, 2, 7)
-1350 -1349 0
c (3, 2, 9) => not (3, 2, 8)
-1347 37 0
c (3, 2, 6) => (3, 6)
-1347 -38 0
c (3, 2, 6) =>  not (3, 7)
-1348 38 0
c (3, 2, 7) => (3, 7)
-1348 -39 0
c (3, 2, 7) =>  not (3, 8)
-1349 39 0
c (3, 2, 8) => (3, 8)
-1349 -40 0
c (3, 2, 8) =>  not (3, 9)
-1350 40 0
c (3, 2, 9) => (3, 9)
1701 1702 1703 0
c (4, 0, 0) or (4, 0, 1) or (4, 0, 2)
-1702 -1701 0
c (4, 0, 1) => not (4, 0, 0)
-1703 -1701 0
c (4, 0, 2) => not (4, 0, 0)
-1703 -1702 0
c (4, 0, 2) => not (4, 0, 1)
-1701 -1721 0
c (4, 0, 0) => not (4, 1, 0)
-1701 -1722 0
c (4, 0, 0) => not (4, 1, 1)
-1701 -1723 0
c (4, 0, 0) => not (4, 1, 2)
-1702 -1722 0
c (4, 0, 1) => not (4, 1, 1)
-1702 -1723 0
c (4, 0, 1) => not (4, 1, 2)
-1702 -1724 0
c (4, 0, 1) => not (4, 1, 3)
-1703 -1723 0
c (4, 0, 2) => not (4, 1, 2)
-1703 -1724 0
c (4, 0, 2) => not (4, 1, 3)
-1703 -1725 0
c (4, 0, 2) => not (4, 1, 4)
-1701 41 0
c (4, 0, 0) => (4, 0)
-1701 42 0
c (4, 0, 0) => (4, 1)
-1701 -43 0
c (4, 0, 0) =>  not (4, 2)
-1702 42 0
c (4, 0, 1) => (4, 1)
-1702 43 0
c (4, 0, 1) => (4, 2)
-1702 -44 0
c (4, 0, 1) =>  not (4, 3)
-1703 43 0
c (4, 0, 2) => (4, 2)
-1703 44 0
c (4, 0, 2) => (4, 3)
-1703 -45 0
c (4, 0, 2) =>  not (4, 4)
1724 1725 1726 0
c (4, 1, 3) or (4, 1, 4) or (4, 1, 5)
-1725 -1724 0
c (4, 1, 4) => not (4, 1, 3)
-1726 -1724 0
c (4, 1, 5) => not (4, 1, 3)
-1726 -1725 0
c (4, 1, 5) => not (4, 1, 4)
-1724 -1744 0
c (4, 1, 3) => not (4, 2, 3)
-1724 -1745 0
c (4, 1, 3) => not (4, 2, 4)
-1725 -1745 0
c (4, 1, 4) => not (4, 2, 4)
-1725 -1746 0
c (4, 1, 4) => not (4, 2, 5)
-1726 -1746 0
c (4, 1, 5) => not (4, 2, 5)
-1726 -1747 0
c (4, 1, 5) => not (4, 2, 6)
-1724 44 0
c (4, 1, 3) => (4, 3)
-1724 -45 0
c (4, 1, 3) =>  not (4, 4)
-1725 45 0
c (4, 1, 4) => (4, 4)
-1725 -46 0
c (4, 1, 4) =>  not (4, 5)
-1726 46 0
c (4, 1, 5) => (4, 5)
-1726 -47 0
c (4, 1, 5) =>  not (4, 6)
1746 1747 1748 0
c (4, 2, 5) or (4, 2, 6) or (4, 2, 7)
-1747 -1746 0
c (4, 2, 6) => not (4, 2, 5)
-1748 -1746 0
c (4, 2, 7) => not (4, 2, 5)
-1748 -1747 0
c (4, 2, 7) => not (4, 2, 6)
-1746 46 0
c (4, 2, 5) => (4, 5)
-1746 47 0
c (4, 2, 5) => (4, 6)
-1746 48 0
c (4, 2, 5) => (4, 7)
-1746 -49 0
c (4, 2, 5) =>  not (4, 8)
-1747 47 0
c (4, 2, 6) => (4, 6)
-1747 48 0
c (4, 2, 6) => (4, 7)
-1747 49 0
c (4, 2, 6) => (4, 8)
-1747 -50 0
c (4, 2, 6) =>  not (4, 9)
-1748 48 0
c (4, 2, 7) => (4, 7)
-1748 49 0
c (4, 2, 7) => (4, 8)
-1748 50 0
c (4, 2, 7) => (4, 9)
2101 2102 2103 2104 2105 2106 2107 0
c (5, 0, 0) or (5, 0, 1) or (5, 0, 2) or (5, 0, 3) or (5, 0, 4) or (5, 0, 5) or (5, 0, 6)
-2102 -2101 0
c (5, 0, 1) => not (5, 0, 0)
-2103 -2101 0
c (5, 0, 2) => not (5, 0, 0)
-2103 -2102 0
c (5, 0, 2) => not (5, 0, 1)
-2104 -2101 0
c (5, 0, 3) => not (5, 0, 0)
-2104 -2102 0
c (5, 0, 3) => not (5, 0, 1)
-2104 -2103 0
c (5, 0, 3) => not (5, 0, 2)
-2105 -2101 0
c (5, 0, 4) => not (5, 0, 0)
-2105 -2102 0
c (5, 0, 4) => not (5, 0, 1)
-2105 -2103 0
c (5, 0, 4) => not (5, 0, 2)
-2105 -2104 0
c (5, 0, 4) => not (5, 0, 3)
-2106 -2101 0
c (5, 0, 5) => not (5, 0, 0)
-2106 -2102 0
c (5, 0, 5) => not (5, 0, 1)
-2106 -2103 0
c (5, 0, 5) => not (5, 0, 2)
-2106 -2104 0
c (5, 0, 5) => not (5, 0, 3)
-2106 -2105 0
c (5, 0, 5) => not (5, 0, 4)
-2107 -2101 0
c (5, 0, 6) => not (5, 0, 0)
-2107 -2102 0
c (5, 0, 6) => not (5, 0, 1)
-2107 -2103 0
c (5, 0, 6) => not (5, 0, 2)
-2107 -2104 0
c (5, 0, 6) => not (5, 0, 3)
-2107 -2105 0
c (5, 0, 6) => not (5, 0, 4)
-2107 -2106 0
c (5, 0, 6) => not (5, 0, 5)
-2101 -2121 0
c (5, 0, 0) => not (5, 1, 0)
-2101 -2122 0
c (5, 0, 0) => not (5, 1, 1)
-2101 -2123 0
c (5, 0, 0) => not (5, 1, 2)
-2102 -2122 0
c (5, 0, 1) => not (5, 1, 1)
-2102 -2123 0
c (5, 0, 1) => not (5, 1, 2)
-2102 -2124 0
c (5, 0, 1) => not (5, 1, 3)
-2103 -2123 0
c (5, 0, 2) => not (5, 1, 2)
-2103 -2124 0
c (5, 0, 2) => not (5, 1, 3)
-2103 -2125 0
c (5, 0, 2) => not (5, 1, 4)
-2104 -2124 0
c (5, 0, 3) => not (5, 1, 3)
-2104 -2125 0
c (5, 0, 3) => not (5, 1, 4)
-2104 -2126 0
c (5, 0, 3) => not (5, 1, 5)
-2105 -2125 0
c (5, 0, 4) => not (5, 1, 4)
-2105 -2126 0
c (5, 0, 4) => not (5, 1, 5)
-2105 -2127 0
c (5, 0, 4) => not (5, 1, 6)
-2106 -2126 0
c (5, 0, 5) => not (5, 1, 5)
-2106 -2127 0
c (5, 0, 5) => not (5, 1, 6)
-2106 -2128 0
c (5, 0, 5) => not (5, 1, 7)
-2107 -2127 0
c (5, 0, 6) => not (5, 1, 6)
-2107 -2128 0
c (5, 0, 6) => not (5, 1, 7)
-2107 -2129 0
c (5, 0, 6) => not (5, 1, 8)
-2101 51 0
c (5, 0, 0) => (5, 0)
-2101 52 0
c (5, 0, 0) => (5, 1)
-2101 -53 0
c (5, 0, 0) =>  not (5, 2)
-2102 52 0
c (5, 0, 1) => (5, 1)
-2102 53 0
c (5, 0, 1) => (5, 2)
-2102 -54 0
c (5, 0, 1) =>  not (5, 3)
-2103 53 0
c (5, 0, 2) => (5, 2)
-2103 54 0
c (5, 0, 2) => (5, 3)
-2103 -55 0
c (5, 0, 2) =>  not (5, 4)
-2104 54 0
c (5, 0, 3) => (5, 3)
-2104 55 0
c (5, 0, 3) => (5, 4)
-2104 -56 0
c (5, 0, 3) =>  not (5, 5)
-2105 55 0
c (5, 0, 4) => (5, 4)
-2105 56 0
c (5, 0, 4) => (5, 5)
-2105 -57 0
c (5, 0, 4) =>  not (5, 6)
-2106 56 0
c (5, 0, 5) => (5, 5)
-2106 57 0
c (5, 0, 5) => (5, 6)
-2106 -58 0
c (5, 0, 5) =>  not (5, 7)
-2107 57 0
c (5, 0, 6) => (5, 6)
-2107 58 0
c (5, 0, 6) => (5, 7)
-2107 -59 0
c (5, 0, 6) =>  not (5, 8)
2124 2125 2126 2127 2128 2129 2130 0
c (5, 1, 3) or (5, 1, 4) or (5, 1, 5) or (5, 1, 6) or (5, 1, 7) or (5, 1, 8) or (5, 1, 9)
-2125 -2124 0
c (5, 1, 4) => not (5, 1, 3)
-2126 -2124 0
c (5, 1, 5) => not (5, 1, 3)
-2126 -2125 0
c (5, 1, 5) => not (5, 1, 4)
-2127 -2124 0
c (5, 1, 6) => not (5, 1, 3)
-2127 -2125 0
c (5, 1, 6) => not (5, 1, 4)
-2127 -2126 0
c (5, 1, 6) => not (5, 1, 5)
-2128 -2124 0
c (5, 1, 7) => not (5, 1, 3)
-2128 -2125 0
c (5, 1, 7) => not (5, 1, 4)
-2128 -2126 0
c (5, 1, 7) => not (5, 1, 5)
-2128 -2127 0
c (5, 1, 7) => not (5, 1, 6)
-2129 -2124 0
c (5, 1, 8) => not (5, 1, 3)
-2129 -2125 0
c (5, 1, 8) => not (5, 1, 4)
-2129 -2126 0
c (5, 1, 8) => not (5, 1, 5)
-2129 -2127 0
c (5, 1, 8) => not (5, 1, 6)
-2129 -2128 0
c (5, 1, 8) => not (5, 1, 7)
-2130 -2124 0
c (5, 1, 9) => not (5, 1, 3)
-2130 -2125 0
c (5, 1, 9) => not (5, 1, 4)
-2130 -2126 0
c (5, 1, 9) => not (5, 1, 5)
-2130 -2127 0
c (5, 1, 9) => not (5, 1, 6)
-2130 -2128 0
c (5, 1, 9) => not (5, 1, 7)
-2130 -2129 0
c (5, 1, 9) => not (5, 1, 8)
-2124 54 0
c (5, 1, 3) => (5, 3)
-2124 -55 0
c (5, 1, 3) =>  not (5, 4)
-2125 55 0
c (5, 1, 4) => (5, 4)
-2125 -56 0
c (5, 1, 4) =>  not (5, 5)
-2126 56 0
c (5, 1, 5) => (5, 5)
-2126 -57 0
c (5, 1, 5) =>  not (5, 6)
-2127 57 0
c (5, 1, 6) => (5, 6)
-2127 -58 0
c (5, 1, 6) =>  not (5, 7)
-2128 58 0
c (5, 1, 7) => (5, 7)
-2128 -59 0
c (5, 1, 7) =>  not (5, 8)
-2129 59 0
c (5, 1, 8) => (5, 8)
-2129 -60 0
c (5, 1, 8) =>  not (5, 9)
-2130 60 0
c (5, 1, 9) => (5, 9)
2501 2502 2503 2504 2505 0
c (6, 0, 0) or (6, 0, 1) or (6, 0, 2) or (6, 0, 3) or (6, 0, 4)
-2502 -2501 0
c (6, 0, 1) => not (6, 0, 0)
-2503 -2501 0
c (6, 0, 2) => not (6, 0, 0)
-2503 -2502 0
c (6, 0, 2) => not (6, 0, 1)
-2504 -2501 0
c (6, 0, 3) => not (6, 0, 0)
-2504 -2502 0
c (6, 0, 3) => not (6, 0, 1)
-2504 -2503 0
c (6, 0, 3) => not (6, 0, 2)
-2505 -2501 0
c (6, 0, 4) => not (6, 0, 0)
-2505 -2502 0
c (6, 0, 4) => not (6, 0, 1)
-2505 -2503 0
c (6, 0, 4) => not (6, 0, 2)
-2505 -2504 0
c (6, 0, 4) => not (6, 0, 3)
-2501 -2521 0
c (6, 0, 0) => not (6, 1, 0)
-2501 -2522 0
c (6, 0, 0) => not (6, 1, 1)
-2501 -2523 0
c (6, 0, 0) => not (6, 1, 2)
-2501 -2524 0
c (6, 0, 0) => not (6, 1, 3)
-2502 -2522 0
c (6, 0, 1) => not (6, 1, 1)
-2502 -2523 0
c (6, 0, 1) => not (6, 1, 2)
-2502 -2524 0
c (6, 0, 1) => not (6, 1, 3)
-2502 -2525 0
c (6, 0, 1) => not (6, 1, 4)
-2503 -2523 0
c (6, 0, 2) => not (6, 1, 2)
-2503 -2524 0
c (6, 0, 2) => not (6, 1, 3)
-2503 -2525 0
c (6, 0, 2) => not (6, 1, 4)
-2503 -2526 0
c (6, 0, 2) => not (6, 1, 5)
-2504 -2524 0
c (6, 0, 3) => not (6, 1, 3)
-2504 -2525 0
c (6, 0, 3) => not (6, 1, 4)
-2504 -2526 0
c (6, 0, 3) => not (6, 1, 5)
-2504 -2527 0
c (6, 0, 3) => not (6, 1, 6)
-2505 -2525 0
c (6, 0, 4) => not (6, 1, 4)
-2505 -2526 0
c (6, 0, 4) => not (6, 1, 5)
-2505 -2527 0
c (6, 0, 4) => not (6, 1, 6)
-2505 -2528 0
c (6, 0, 4) => not (6, 1, 7)
-2501 61 0
c (6, 0, 0) => (6, 0)
-2501 62 0
c (6, 0, 0) => (6, 1)
-2501 63 0
c (6, 0, 0) => (6, 2)
-2501 -64 0
c (6, 0, 0) =>  not (6, 3)
-2502 62 0
c (6, 0, 1) => (6, 1)
-2502 63 0
c (6, 0, 1) => (6, 2)
-2502 64 0
c (6, 0, 1) => (6, 3)
-2502 -65 0
c (6, 0, 1) =>  not (6, 4)
-2503 63 0
c (6, 0, 2) => (6, 2)
-2503 64 0
c (6, 0, 2) => (6, 3)
-2503 65 0
c (6, 0, 2) => (6, 4)
-2503 -66 0
c (6, 0, 2) =>  not (6, 5)
-2504 64 0
c (6, 0, 3) => (6, 3)
-2504 65 0
c (6, 0, 3) => (6, 4)
-2504 66 0
c (6, 0, 3) => (6, 5)
-2504 -67 0
c (6, 0, 3) =>  not (6, 6)
-2505 65 0
c (6, 0, 4) => (6, 4)
-2505 66 0
c (6, 0, 4) => (6, 5)
-2505 67 0
c (6, 0, 4) => (6, 6)
-2505 -68 0
c (6, 0, 4) =>  not (6, 7)
2525 2526 2527 2528 2529 0
c (6, 1, 4) or (6, 1, 5) or (6, 1, 6) or (6, 1, 7) or (6, 1, 8)
-2526 -2525 0
c (6, 1, 5) => not (6, 1, 4)
-2527 -2525 0
c (6, 1, 6) => not (6, 1, 4)
-2527 -2526 0
c (6, 1, 6) => not (6, 1, 5)
-2528 -2525 0
c (6, 1, 7) => not (6, 1, 4)
-2528 -2526 0
c (6, 1, 7) => not (6, 1, 5)
-2528 -2527 0
c (6, 1, 7) => not (6, 1, 6)
-2529 -2525 0
c (6, 1, 8) => not (6, 1, 4)
-2529 -2526 0
c (6, 1, 8) => not (6, 1, 5)
-2529 -2527 0
c (6, 1, 8) => not (6, 1, 6)
-2529 -2528 0
c (6, 1, 8) => not (6, 1, 7)
-2525 65 0
c (6, 1, 4) => (6, 4)
-2525 66 0
c (6, 1, 4) => (6, 5)
-2525 -67 0
c (6, 1, 4) =>  not (6, 6)
-2526 66 0
c (6, 1, 5) => (6, 5)
-2526 67 0
c (6, 1, 5) => (6, 6)
-2526 -68 0
c (6, 1, 5) =>  not (6, 7)
-2527 67 0
c (6, 1, 6) => (6, 6)
-2527 68 0
c (6, 1, 6) => (6, 7)
-2527 -69 0
c (6, 1, 6) =>  not (6, 8)
-2528 68 0
c (6, 1, 7) => (6, 7)
-2528 69 0
c (6, 1, 7) => (6, 8)
-2528 -70 0
c (6, 1, 7) =>  not (6, 9)
-2529 69 0
c (6, 1, 8) => (6, 8)
-2529 70 0
c (6, 1, 8) => (6, 9)
2901 2902 2903 2904 0
c (7, 0, 0) or (7, 0, 1) or (7, 0, 2) or (7, 0, 3)
-2902 -2901 0
c (7, 0, 1) => not (7, 0, 0)
-2903 -2901 0
c (7, 0, 2) => not (7, 0, 0)
-2903 -2902 0
c (7, 0, 2) => not (7, 0, 1)
-2904 -2901 0
c (7, 0, 3) => not (7, 0, 0)
-2904 -2902 0
c (7, 0, 3) => not (7, 0, 1)
-2904 -2903 0
c (7, 0, 3) => not (7, 0, 2)
-2901 -2921 0
c (7, 0, 0) => not (7, 1, 0)
-2901 -2922 0
c (7, 0, 0) => not (7, 1, 1)
-2901 -2923 0
c (7, 0, 0) => not (7, 1, 2)
-2901 -2924 0
c (7, 0, 0) => not (7, 1, 3)
-2901 -2925 0
c (7, 0, 0) => not (7, 1, 4)
-2902 -2922 0
c (7, 0, 1) => not (7, 1, 1)
-2902 -2923 0
c (7, 0, 1) => not (7, 1, 2)
-2902 -2924 0
c (7, 0, 1) => not (7, 1, 3)
-2902 -2925 0
c (7, 0, 1) => not (7, 1, 4)
-2902 -2926 0
c (7, 0, 1) => not (7, 1, 5)
-2903 -2923 0
c (7, 0, 2) => not (7, 1, 2)
-2903 -2924 0
c (7, 0, 2) => not (7, 1, 3)
-2903 -2925 0
c (7, 0, 2) => not (7, 1, 4)
-2903 -2926 0
c (7, 0, 2) => not (7, 1, 5)
-2903 -2927 0
c (7, 0, 2) => not (7, 1, 6)
-2904 -2924 0
c (7, 0, 3) => not (7, 1, 3)
-2904 -2925 0
c (7, 0, 3) => not (7, 1, 4)
-2904 -2926 0
c (7, 0, 3) => not (7, 1, 5)
-2904 -2927 0
c (7, 0, 3) => not (7, 1, 6)
-2904 -2928 0
c (7, 0, 3) => not (7, 1, 7)
-2901 71 0
c (7, 0, 0) => (7, 0)
-2901 72 0
c (7, 0, 0) => (7, 1)
-2901 73 0
c (7, 0, 0) => (7, 2)
-2901 74 0
c (7, 0, 0) => (7, 3)
-2901 -75 0
c (7, 0, 0) =>  not (7, 4)
-2902 72 0
c (7, 0, 1) => (7, 1)
-2902 73 0
c (7, 0, 1) => (7, 2)
-2902 74 0
c (7, 0, 1) => (7, 3)
-2902 75 0
c (7, 0, 1) => (7, 4)
-2902 -76 0
c (7, 0, 1) =>  not (7, 5)
-2903 73 0
c (7, 0, 2) => (7, 2)
-2903 74 0
c (7, 0, 2) => (7, 3)
-2903 75 0
c (7, 0, 2) => (7, 4)
-2903 76 0
c (7, 0, 2) => (7, 5)
-2903 -77 0
c (7, 0, 2) =>  not (7, 6)
-2904 74 0
c (7, 0, 3) => (7, 3)
-2904 75 0
c (7, 0, 3) => (7, 4)
-2904 76 0
c (7, 0, 3) => (7, 5)
-2904 77 0
c (7, 0, 3) => (7, 6)
-2904 -78 0
c (7, 0, 3) =>  not (7, 7)
2926 2927 2928 2929 0
c (7, 1, 5) or (7, 1, 6) or (7, 1, 7) or (7, 1, 8)
-2927 -2926 0
c (7, 1, 6) => not (7, 1, 5)
-2928 -2926 0
c (7, 1, 7) => not (7, 1, 5)
-2928 -2927 0
c (7, 1, 7) => not (7, 1, 6)
-2929 -2926 0
c (7, 1, 8) => not (7, 1, 5)
-2929 -2927 0
c (7, 1, 8) => not (7, 1, 6)
-2929 -2928 0
c (7, 1, 8) => not (7, 1, 7)
-2926 76 0
c (7, 1, 5) => (7, 5)
-2926 77 0
c (7, 1, 5) => (7, 6)
-2926 -78 0
c (7, 1, 5) =>  not (7, 7)
-2927 77 0
c (7, 1, 6) => (7, 6)
-2927 78 0
c (7, 1, 6) => (7, 7)
-2927 -79 0
c (7, 1, 6) =>  not (7, 8)
-2928 78 0
c (7, 1, 7) => (7, 7)
-2928 79 0
c (7, 1, 7) => (7, 8)
-2928 -80 0
c (7, 1, 7) =>  not (7, 9)
-2929 79 0
c (7, 1, 8) => (7, 8)
-2929 80 0
c (7, 1, 8) => (7, 9)
3301 3302 3303 0
c (8, 0, 0) or (8, 0, 1) or (8, 0, 2)
-3302 -3301 0
c (8, 0, 1) => not (8, 0, 0)
-3303 -3301 0
c (8, 0, 2) => not (8, 0, 0)
-3303 -3302 0
c (8, 0, 2) => not (8, 0, 1)
-3301 -3321 0
c (8, 0, 0) => not (8, 1, 0)
-3301 -3322 0
c (8, 0, 0) => not (8, 1, 1)
-3301 -3323 0
c (8, 0, 0) => not (8, 1, 2)
-3301 -3324 0
c (8, 0, 0) => not (8, 1, 3)
-3301 -3325 0
c (8, 0, 0) => not (8, 1, 4)
-3301 -3326 0
c (8, 0, 0) => not (8, 1, 5)
-3301 -3327 0
c (8, 0, 0) => not (8, 1, 6)
-3302 -3322 0
c (8, 0, 1) => not (8, 1, 1)
-3302 -3323 0
c (8, 0, 1) => not (8, 1, 2)
-3302 -3324 0
c (8, 0, 1) => not (8, 1, 3)
-3302 -3325 0
c (8, 0, 1) => not (8, 1, 4)
-3302 -3326 0
c (8, 0, 1) => not (8, 1, 5)
-3302 -3327 0
c (8, 0, 1) => not (8, 1, 6)
-3302 -3328 0
c (8, 0, 1) => not (8, 1, 7)
-3303 -3323 0
c (8, 0, 2) => not (8, 1, 2)
-3303 -3324 0
c (8, 0, 2) => not (8, 1, 3)
-3303 -3325 0
c (8, 0, 2) => not (8, 1, 4)
-3303 -3326 0
c (8, 0, 2) => not (8, 1, 5)
-3303 -3327 0
c (8, 0, 2) => not (8, 1, 6)
-3303 -3328 0
c (8, 0, 2) => not (8, 1, 7)
-3303 -3329 0
c (8, 0, 2) => not (8, 1, 8)
-3301 81 0
c (8, 0, 0) => (8, 0)
-3301 82 0
c (8, 0, 0) => (8, 1)
-3301 83 0
c (8, 0, 0) => (8, 2)
-3301 84 0
c (8, 0, 0) => (8, 3)
-3301 85 0
c (8, 0, 0) => (8, 4)
-3301 86 0
c (8, 0, 0) => (8, 5)
-3301 -87 0
c (8, 0, 0) =>  not (8, 6)
-3302 82 0
c (8, 0, 1) => (8, 1)
-3302 83 0
c (8, 0, 1) => (8, 2)
-3302 84 0
c (8, 0, 1) => (8, 3)
-3302 85 0
c (8, 0, 1) => (8, 4)
-3302 86 0
c (8, 0, 1) => (8, 5)
-3302 87 0
c (8, 0, 1) => (8, 6)
-3302 -88 0
c (8, 0, 1) =>  not (8, 7)
-3303 83 0
c (8, 0, 2) => (8, 2)
-3303 84 0
c (8, 0, 2) => (8, 3)
-3303 85 0
c (8, 0, 2) => (8, 4)
-3303 86 0
c (8, 0, 2) => (8, 5)
-3303 87 0
c (8, 0, 2) => (8, 6)
-3303 88 0
c (8, 0, 2) => (8, 7)
-3303 -89 0
c (8, 0, 2) =>  not (8, 8)
3328 3329 3330 0
c (8, 1, 7) or (8, 1, 8) or (8, 1, 9)
-3329 -3328 0
c (8, 1, 8) => not (8, 1, 7)
-3330 -3328 0
c (8, 1, 9) => not (8, 1, 7)
-3330 -3329 0
c (8, 1, 9) => not (8, 1, 8)
-3328 88 0
c (8, 1, 7) => (8, 7)
-3328 -89 0
c (8, 1, 7) =>  not (8, 8)
-3329 89 0
c (8, 1, 8) => (8, 8)
-3329 -90 0
c (8, 1, 8) =>  not (8, 9)
-3330 90 0
c (8, 1, 9) => (8, 9)
3701 0
c (9, 0, 0)
-3701 -3721 0
c (9, 0, 0) => not (9, 1, 0)
-3701 -3722 0
c (9, 0, 0) => not (9, 1, 1)
-3701 -3723 0
c (9, 0, 0) => not (9, 1, 2)
-3701 -3724 0
c (9, 0, 0) => not (9, 1, 3)
-3701 -3725 0
c (9, 0, 0) => not (9, 1, 4)
-3701 91 0
c (9, 0, 0) => (9, 0)
-3701 92 0
c (9, 0, 0) => (9, 1)
-3701 93 0
c (9, 0, 0) => (9, 2)
-3701 94 0
c (9, 0, 0) => (9, 3)
-3701 -95 0
c (9, 0, 0) =>  not (9, 4)
3726 0
c (9, 1, 5)
-3726 -3746 0
c (9, 1, 5) => not (9, 2, 5)
-3726 -3747 0
c (9, 1, 5) => not (9, 2, 6)
-3726 96 0
c (9, 1, 5) => (9, 5)
-3726 -97 0
c (9, 1, 5) =>  not (9, 6)
3748 0
c (9, 2, 7)
-3748 98 0
c (9, 2, 7) => (9, 7)
-3748 99 0
c (9, 2, 7) => (9, 8)
-3748 100 0
c (9, 2, 7) => (9, 9)
4101 0
c (10, 0, 0)
-4101 -4121 0
c (10, 0, 0) => not (10, 1, 0)
-4101 -4122 0
c (10, 0, 0) => not (10, 1, 1)
-4101 1 0
c (10, 0, 0) => (0, 0)
-4101 -11 0
c (10, 0, 0) =>  not (1, 0)
4123 0
c (10, 1, 2)
-4123 21 0
c (10, 1, 2) => (2, 0)
-4123 31 0
c (10, 1, 2) => (3, 0)
-4123 41 0
c (10, 1, 2) => (4, 0)
-4123 51 0
c (10, 1, 2) => (5, 0)
-4123 61 0
c (10, 1, 2) => (6, 0)
-4123 71 0
c (10, 1, 2) => (7, 0)
-4123 81 0
c (10, 1, 2) => (8, 0)
-4123 91 0
c (10, 1, 2) => (9, 0)
4501 4502 4503 0
c (11, 0, 0) or (11, 0, 1) or (11, 0, 2)
-4502 -4501 0
c (11, 0, 1) => not (11, 0, 0)
-4503 -4501 0
c (11, 0, 2) => not (11, 0, 0)
-4503 -4502 0
c (11, 0, 2) => not (11, 0, 1)
-4501 2 0
c (11, 0, 0) => (0, 1)
-4501 12 0
c (11, 0, 0) => (1, 1)
-4501 22 0
c (11, 0, 0) => (2, 1)
-4501 32 0
c (11, 0, 0) => (3, 1)
-4501 42 0
c (11, 0, 0) => (4, 1)
-4501 52 0
c (11, 0, 0) => (5, 1)
-4501 62 0
c (11, 0, 0) => (6, 1)
-4501 72 0
c (11, 0, 0) => (7, 1)
-4501 -82 0
c (11, 0, 0) =>  not (8, 1)
-4502 12 0
c (11, 0, 1) => (1, 1)
-4502 22 0
c (11, 0, 1) => (2, 1)
-4502 32 0
c (11, 0, 1) => (3, 1)
-4502 42 0
c (11, 0, 1) => (4, 1)
-4502 52 0
c (11, 0, 1) => (5, 1)
-4502 62 0
c (11, 0, 1) => (6, 1)
-4502 72 0
c (11, 0, 1) => (7, 1)
-4502 82 0
c (11, 0, 1) => (8, 1)
-4502 -92 0
c (11, 0, 1) =>  not (9, 1)
-4503 22 0
c (11, 0, 2) => (2, 1)
-4503 32 0
c (11, 0, 2) => (3, 1)
-4503 42 0
c (11, 0, 2) => (4, 1)
-4503 52 0
c (11, 0, 2) => (5, 1)
-4503 62 0
c (11, 0, 2) => (6, 1)
-4503 72 0
c (11, 0, 2) => (7, 1)
-4503 82 0
c (11, 0, 2) => (8, 1)
-4503 92 0
c (11, 0, 2) => (9, 1)
4901 4902 4903 4904 4905 4906 4907 0
c (12, 0, 0) or (12, 0, 1) or (12, 0, 2) or (12, 0, 3) or (12, 0, 4) or (12, 0, 5) or (12, 0, 6)
-4902 -4901 0
c (12, 0, 1) => not (12, 0, 0)
-4903 -4901 0
c (12, 0, 2) => not (12, 0, 0)
-4903 -4902 0
c (12, 0, 2) => not (12, 0, 1)
-4904 -4901 0
c (12, 0, 3) => not (12, 0, 0)
-4904 -4902 0
c (12, 0, 3) => not (12, 0, 1)
-4904 -4903 0
c (12, 0, 3) => not (12, 0, 2)
-4905 -4901 0
c (12, 0, 4) => not (12, 0, 0)
-4905 -4902 0
c (12, 0, 4) => not (12, 0, 1)
-4905 -4903 0
c (12, 0, 4) => not (12, 0, 2)
-4905 -4904 0
c (12, 0, 4) => not (12, 0, 3)
-4906 -4901 0
c (12, 0, 5) => not (12, 0, 0)
-4906 -4902 0
c (12, 0, 5) => not (12, 0, 1)
-4906 -4903 0
c (12, 0, 5) => not (12, 0, 2)
-4906 -4904 0
c (12, 0, 5) => not (12, 0, 3)
-4906 -4905 0
c (12, 0, 5) => not (12, 0, 4)
-4907 -4901 0
c (12, 0, 6) => not (12, 0, 0)
-4907 -4902 0
c (12, 0, 6) => not (12, 0, 1)
-4907 -4903 0
c (12, 0, 6) => not (12, 0, 2)
-4907 -4904 0
c (12, 0, 6) => not (12, 0, 3)
-4907 -4905 0
c (12, 0, 6) => not (12, 0, 4)
-4907 -4906 0
c (12, 0, 6) => not (12, 0, 5)
-4901 3 0
c (12, 0, 0) => (0, 2)
-4901 13 0
c (12, 0, 0) => (1, 2)
-4901 23 0
c (12, 0, 0) => (2, 2)
-4901 33 0
c (12, 0, 0) => (3, 2)
-4901 -43 0
c (12, 0, 0) =>  not (4, 2)
-4902 13 0
c (12, 0, 1) => (1, 2)
-4902 23 0
c (12, 0, 1) => (2, 2)
-4902 33 0
c (12, 0, 1) => (3, 2)
-4902 43 0
c (12, 0, 1) => (4, 2)
-4902 -53 0
c (12, 0, 1) =>  not (5, 2)
-4903 23 0
c (12, 0, 2) => (2, 2)
-4903 33 0
c (12, 0, 2) => (3, 2)
-4903 43 0
c (12, 0, 2) => (4, 2)
-4903 53 0
c (12, 0, 2) => (5, 2)
-4903 -63 0
c (12, 0, 2) =>  not (6, 2)
-4904 33 0
c (12, 0, 3) => (3, 2)
-4904 43 0
c (12, 0, 3) => (4, 2)
-4904 53 0
c (12, 0, 3) => (5, 2)
-4904 63 0
c (12, 0, 3) => (6, 2)
-4904 -73 0
c (12, 0, 3) =>  not (7, 2)
-4905 43 0
c (12, 0, 4) => (4, 2)
-4905 53 0
c (12, 0, 4) => (5, 2)
-4905 63 0
c (12, 0, 4) => (6, 2)
-4905 73 0
c (12, 0, 4) => (7, 2)
-4905 -83 0
c (12, 0, 4) =>  not (8, 2)
-4906 53 0
c (12, 0, 5) => (5, 2)
-4906 63 0
c (12, 0, 5) => (6, 2)
-4906 73 0
c (12, 0, 5) => (7, 2)
-4906 83 0
c (12, 0, 5) => (8, 2)
-4906 -93 0
c (12, 0, 5) =>  not (9, 2)
-4907 63 0
c (12, 0, 6) => (6, 2)
-4907 73 0
c (12, 0, 6) => (7, 2)
-4907 83 0
c (12, 0, 6) => (8, 2)
-4907 93 0
c (12, 0, 6) => (9, 2)
5301 5302 0
c (13, 0, 0) or (13, 0, 1)
-5302 -5301 0
c (13, 0, 1) => not (13, 0, 0)
-5301 -5321 0
c (13, 0, 0) => not (13, 1, 0)
-5301 -5322 0
c (13, 0, 0) => not (13, 1, 1)
-5301 -5323 0
c (13, 0, 0) => not (13, 1, 2)
-5301 -5324 0
c (13, 0, 0) => not (13, 1, 3)
-5301 -5325 0
c (13, 0, 0) => not (13, 1, 4)
-5301 -5326 0
c (13, 0, 0) => not (13, 1, 5)
-5302 -5322 0
c (13, 0, 1) => not (13, 1, 1)
-5302 -5323 0
c (13, 0, 1) => not (13, 1, 2)
-5302 -5324 0
c (13, 0, 1) => not (13, 1, 3)
-5302 -5325 0
c (13, 0, 1) => not (13, 1, 4)
-5302 -5326 0
c (13, 0, 1) => not (13, 1, 5)
-5302 -5327 0
c (13, 0, 1) => not (13, 1, 6)
-5301 4 0
c (13, 0, 0) => (0, 3)
-5301 14 0
c (13, 0, 0) => (1, 3)
-5301 24 0
c (13, 0, 0) => (2, 3)
-5301 34 0
c (13, 0, 0) => (3, 3)
-5301 44 0
c (13, 0, 0) => (4, 3)
-5301 -54 0
c (13, 0, 0) =>  not (5, 3)
-5302 14 0
c (13, 0, 1) => (1, 3)
-5302 24 0
c (13, 0, 1) => (2, 3)
-5302 34 0
c (13, 0, 1) => (3, 3)
-5302 44 0
c (13, 0, 1) => (4, 3)
-5302 54 0
c (13, 0, 1) => (5, 3)
-5302 -64 0
c (13, 0, 1) =>  not (6, 3)
5327 5328 0
c (13, 1, 6) or (13, 1, 7)
-5328 -5327 0
c (13, 1, 7) => not (13, 1, 6)
-5327 64 0
c (13, 1, 6) => (6, 3)
-5327 74 0
c (13, 1, 6) => (7, 3)
-5327 84 0
c (13, 1, 6) => (8, 3)
-5327 -94 0
c (13, 1, 6) =>  not (9, 3)
-5328 74 0
c (13, 1, 7) => (7, 3)
-5328 84 0
c (13, 1, 7) => (8, 3)
-5328 94 0
c (13, 1, 7) => (9, 3)
5701 5702 5703 0
c (14, 0, 0) or (14, 0, 1) or (14, 0, 2)
-5702 -5701 0
c (14, 0, 1) => not (14, 0, 0)
-5703 -5701 0
c (14, 0, 2) => not (14, 0, 0)
-5703 -5702 0
c (14, 0, 2) => not (14, 0, 1)
-5701 -5721 0
c (14, 0, 0) => not (14, 1, 0)
-5701 -5722 0
c (14, 0, 0) => not (14, 1, 1)
-5701 -5723 0
c (14, 0, 0) => not (14, 1, 2)
-5701 -5724 0
c (14, 0, 0) => not (14, 1, 3)
-5701 -5725 0
c (14, 0, 0) => not (14, 1, 4)
-5702 -5722 0
c (14, 0, 1) => not (14, 1, 1)
-5702 -5723 0
c (14, 0, 1) => not (14, 1, 2)
-5702 -5724 0
c (14, 0, 1) => not (14, 1, 3)
-5702 -5725 0
c (14, 0, 1) => not (14, 1, 4)
-5702 -5726 0
c (14, 0, 1) => not (14, 1, 5)
-5703 -5723 0
c (14, 0, 2) => not (14, 1, 2)
-5703 -5724 0
c (14, 0, 2) => not (14, 1, 3)
-5703 -5725 0
c (14, 0, 2) => not (14, 1, 4)
-5703 -5726 0
c (14, 0, 2) => not (14, 1, 5)
-5703 -5727 0
c (14, 0, 2) => not (14, 1, 6)
-5701 5 0
c (14, 0, 0) => (0, 4)
-5701 15 0
c (14, 0, 0) => (1, 4)
-5701 25 0
c (14, 0, 0) => (2, 4)
-5701 35 0
c (14, 0, 0) => (3, 4)
-5701 -45 0
c (14, 0, 0) =>  not (4, 4)
-5702 15 0
c (14, 0, 1) => (1, 4)
-5702 25 0
c (14, 0, 1) => (2, 4)
-5702 35 0
c (14, 0, 1) => (3, 4)
-5702 45 0
c (14, 0, 1) => (4, 4)
-5702 -55 0
c (14, 0, 1) =>  not (5, 4)
-5703 25 0
c (14, 0, 2) => (2, 4)
-5703 35 0
c (14, 0, 2) => (3, 4)
-5703 45 0
c (14, 0, 2) => (4, 4)
-5703 55 0
c (14, 0, 2) => (5, 4)
-5703 -65 0
c (14, 0, 2) =>  not (6, 4)
5726 5727 5728 0
c (14, 1, 5) or (14, 1, 6) or (14, 1, 7)
-5727 -5726 0
c (14, 1, 6) => not (14, 1, 5)
-5728 -5726 0
c (14, 1, 7) => not (14, 1, 5)
-5728 -5727 0
c (14, 1, 7) => not (14, 1, 6)
-5726 -5746 0
c (14, 1, 5) => not (14, 2, 5)
-5726 -5747 0
c (14, 1, 5) => not (14, 2, 6)
-5727 -5747 0
c (14, 1, 6) => not (14, 2, 6)
-5727 -5748 0
c (14, 1, 6) => not (14, 2, 7)
-5728 -5748 0
c (14, 1, 7) => not (14, 2, 7)
-5728 -5749 0
c (14, 1, 7) => not (14, 2, 8)
-5726 55 0
c (14, 1, 5) => (5, 4)
-5726 -65 0
c (14, 1, 5) =>  not (6, 4)
-5727 65 0
c (14, 1, 6) => (6, 4)
-5727 -75 0
c (14, 1, 6) =>  not (7, 4)
-5728 75 0
c (14, 1, 7) => (7, 4)
-5728 -85 0
c (14, 1, 7) =>  not (8, 4)
5748 5749 5750 0
c (14, 2, 7) or (14, 2, 8) or (14, 2, 9)
-5749 -5748 0
c (14, 2, 8) => not (14, 2, 7)
-5750 -5748 0
c (14, 2, 9) => not (14, 2, 7)
-5750 -5749 0
c (14, 2, 9) => not (14, 2, 8)
-5748 75 0
c (14, 2, 7) => (7, 4)
-5748 -85 0
c (14, 2, 7) =>  not (8, 4)
-5749 85 0
c (14, 2, 8) => (8, 4)
-5749 -95 0
c (14, 2, 8) =>  not (9, 4)
-5750 95 0
c (14, 2, 9) => (9, 4)
6101 6102 6103 0
c (15, 0, 0) or (15, 0, 1) or (15, 0, 2)
-6102 -6101 0
c (15, 0, 1) => not (15, 0, 0)
-6103 -6101 0
c (15, 0, 2) => not (15, 0, 0)
-6103 -6102 0
c (15, 0, 2) => not (15, 0, 1)
-6101 -6121 0
c (15, 0, 0) => not (15, 1, 0)
-6101 -6122 0
c (15, 0, 0) => not (15, 1, 1)
-6101 -6123 0
c (15, 0, 0) => not (15, 1, 2)
-6101 -6124 0
c (15, 0, 0) => not (15, 1, 3)
-6102 -6122 0
c (15, 0, 1) => not (15, 1, 1)
-6102 -6123 0
c (15, 0, 1) => not (15, 1, 2)
-6102 -6124 0
c (15, 0, 1) => not (15, 1, 3)
-6102 -6125 0
c (15, 0, 1) => not (15, 1, 4)
-6103 -6123 0
c (15, 0, 2) => not (15, 1, 2)
-6103 -6124 0
c (15, 0, 2) => not (15, 1, 3)
-6103 -6125 0
c (15, 0, 2) => not (15, 1, 4)
-6103 -6126 0
c (15, 0, 2) => not (15, 1, 5)
-6101 6 0
c (15, 0, 0) => (0, 5)
-6101 16 0
c (15, 0, 0) => (1, 5)
-6101 26 0
c (15, 0, 0) => (2, 5)
-6101 -36 0
c (15, 0, 0) =>  not (3, 5)
-6102 16 0
c (15, 0, 1) => (1, 5)
-6102 26 0
c (15, 0, 1) => (2, 5)
-6102 36 0
c (15, 0, 1) => (3, 5)
-6102 -46 0
c (15, 0, 1) =>  not (4, 5)
-6103 26 0
c (15, 0, 2) => (2, 5)
-6103 36 0
c (15, 0, 2) => (3, 5)
-6103 46 0
c (15, 0, 2) => (4, 5)
-6103 -56 0
c (15, 0, 2) =>  not (5, 5)
6125 6126 6127 0
c (15, 1, 4) or (15, 1, 5) or (15, 1, 6)
-6126 -6125 0
c (15, 1, 5) => not (15, 1, 4)
-6127 -6125 0
c (15, 1, 6) => not (15, 1, 4)
-6127 -6126 0
c (15, 1, 6) => not (15, 1, 5)
-6125 -6145 0
c (15, 1, 4) => not (15, 2, 4)
-6125 -6146 0
c (15, 1, 4) => not (15, 2, 5)
-6126 -6146 0
c (15, 1, 5) => not (15, 2, 5)
-6126 -6147 0
c (15, 1, 5) => not (15, 2, 6)
-6127 -6147 0
c (15, 1, 6) => not (15, 2, 6)
-6127 -6148 0
c (15, 1, 6) => not (15, 2, 7)
-6125 46 0
c (15, 1, 4) => (4, 5)
-6125 -56 0
c (15, 1, 4) =>  not (5, 5)
-6126 56 0
c (15, 1, 5) => (5, 5)
-6126 -66 0
c (15, 1, 5) =>  not (6, 5)
-6127 66 0
c (15, 1, 6) => (6, 5)
-6127 -76 0
c (15, 1, 6) =>  not (7, 5)
6147 6148 6149 0
c (15, 2, 6) or (15, 2, 7) or (15, 2, 8)
-6148 -6147 0
c (15, 2, 7) => not (15, 2, 6)
-6149 -6147 0
c (15, 2, 8) => not (15, 2, 6)
-6149 -6148 0
c (15, 2, 8) => not (15, 2, 7)
-6147 66 0
c (15, 2, 6) => (6, 5)
-6147 76 0
c (15, 2, 6) => (7, 5)
-6147 -86 0
c (15, 2, 6) =>  not (8, 5)
-6148 76 0
c (15, 2, 7) => (7, 5)
-6148 86 0
c (15, 2, 7) => (8, 5)
-6148 -96 0
c (15, 2, 7) =>  not (9, 5)
-6149 86 0
c (15, 2, 8) => (8, 5)
-6149 96 0
c (15, 2, 8) => (9, 5)
6501 6502 6503 6504 6505 6506 0
c (16, 0, 0) or (16, 0, 1) or (16, 0, 2) or (16, 0, 3) or (16, 0, 4) or (16, 0, 5)
-6502 -6501 0
c (16, 0, 1) => not (16, 0, 0)
-6503 -6501 0
c (16, 0, 2) => not (16, 0, 0)
-6503 -6502 0
c (16, 0, 2) => not (16, 0, 1)
-6504 -6501 0
c (16, 0, 3) => not (16, 0, 0)
-6504 -6502 0
c (16, 0, 3) => not (16, 0, 1)
-6504 -6503 0
c (16, 0, 3) => not (16, 0, 2)
-6505 -6501 0
c (16, 0, 4) => not (16, 0, 0)
-6505 -6502 0
c (16, 0, 4) => not (16, 0, 1)
-6505 -6503 0
c (16, 0, 4) => not (16, 0, 2)
-6505 -6504 0
c (16, 0, 4) => not (16, 0, 3)
-6506 -6501 0
c (16, 0, 5) => not (16, 0, 0)
-6506 -6502 0
c (16, 0, 5) => not (16, 0, 1)
-6506 -6503 0
c (16, 0, 5) => not (16, 0, 2)
-6506 -6504 0
c (16, 0, 5) => not (16, 0, 3)
-6506 -6505 0
c (16, 0, 5) => not (16, 0, 4)
-6501 -6521 0
c (16, 0, 0) => not (16, 1, 0)
-6501 -6522 0
c (16, 0, 0) => not (16, 1, 1)
-6501 -6523 0
c (16, 0, 0) => not (16, 1, 2)
-6501 -6524 0
c (16, 0, 0) => not (16, 1, 3)
-6502 -6522 0
c (16, 0, 1) => not (16, 1, 1)
-6502 -6523 0
c (16, 0, 1) => not (16, 1, 2)
-6502 -6524 0
c (16, 0, 1) => not (16, 1, 3)
-6502 -6525 0
c (16, 0, 1) => not (16, 1, 4)
-6503 -6523 0
c (16, 0, 2) => not (16, 1, 2)
-6503 -6524 0
c (16, 0, 2) => not (16, 1, 3)
-6503 -6525 0
c (16, 0, 2) => not (16, 1, 4)
-6503 -6526 0
c (16, 0, 2) => not (16, 1, 5)
-6504 -6524 0
c (16, 0, 3) => not (16, 1, 3)
-6504 -6525 0
c (16, 0, 3) => not (16, 1, 4)
-6504 -6526 0
c (16, 0, 3) => not (16, 1, 5)
-6504 -6527 0
c (16, 0, 3) => not (16, 1, 6)
-6505 -6525 0
c (16, 0, 4) => not (16, 1, 4)
-6505 -6526 0
c (16, 0, 4) => not (16, 1, 5)
-6505 -6527 0
c (16, 0, 4) => not (16, 1, 6)
-6505 -6528 0
c (16, 0, 4) => not (16, 1, 7)
-6506 -6526 0
c (16, 0, 5) => not (16, 1, 5)
-6506 -6527 0
c (16, 0, 5) => not (16, 1, 6)
-6506 -6528 0
c (16, 0, 5) => not (16, 1, 7)
-6506 -6529 0
c (16, 0, 5) => not (16, 1, 8)
-6501 7 0
c (16, 0, 0) => (0, 6)
-6501 17 0
c (16, 0, 0) => (1, 6)
-6501 27 0
c (16, 0, 0) => (2, 6)
-6501 -37 0
c (16, 0, 0) =>  not (3, 6)
-6502 17 0
c (16, 0, 1) => (1, 6)
-6502 27 0
c (16, 0, 1) => (2, 6)
-6502 37 0
c (16, 0, 1) => (3, 6)
-6502 -47 0
c (16, 0, 1) =>  not (4, 6)
-6503 27 0
c (16, 0, 2) => (2, 6)
-6503 37 0
c (16, 0, 2) => (3, 6)
-6503 47 0
c (16, 0, 2) => (4, 6)
-6503 -57 0
c (16, 0, 2) =>  not (5, 6)
-6504 37 0
c (16, 0, 3) => (3, 6)
-6504 47 0
c (16, 0, 3) => (4, 6)
-6504 57 0
c (16, 0, 3) => (5, 6)
-6504 -67 0
c (16, 0, 3) =>  not (6, 6)
-6505 47 0
c (16, 0, 4) => (4, 6)
-6505 57 0
c (16, 0, 4) => (5, 6)
-6505 67 0
c (16, 0, 4) => (6, 6)
-6505 -77 0
c (16, 0, 4) =>  not (7, 6)
-6506 57 0
c (16, 0, 5) => (5, 6)
-6506 67 0
c (16, 0, 5) => (6, 6)
-6506 77 0
c (16, 0, 5) => (7, 6)
-6506 -87 0
c (16, 0, 5) =>  not (8, 6)
6525 6526 6527 6528 6529 6530 0
c (16, 1, 4) or (16, 1, 5) or (16, 1, 6) or (16, 1, 7) or (16, 1, 8) or (16, 1, 9)
-6526 -6525 0
c (16, 1, 5) => not (16, 1, 4)
-6527 -6525 0
c (16, 1, 6) => not (16, 1, 4)
-6527 -6526 0
c (16, 1, 6) => not (16, 1, 5)
-6528 -6525 0
c (16, 1, 7) => not (16, 1, 4)
-6528 -6526 0
c (16, 1, 7) => not (16, 1, 5)
-6528 -6527 0
c (16, 1, 7) => not (16, 1, 6)
-6529 -6525 0
c (16, 1, 8) => not (16, 1, 4)
-6529 -6526 0
c (16, 1, 8) => not (16, 1, 5)
-6529 -6527 0
c (16, 1, 8) => not (16, 1, 6)
-6529 -6528 0
c (16, 1, 8) => not (16, 1, 7)
-6530 -6525 0
c (16, 1, 9) => not (16, 1, 4)
-6530 -6526 0
c (16, 1, 9) => not (16, 1, 5)
-6530 -6527 0
c (16, 1, 9) => not (16, 1, 6)
-6530 -6528 0
c (16, 1, 9) => not (16, 1, 7)
-6530 -6529 0
c (16, 1, 9) => not (16, 1, 8)
-6525 47 0
c (16, 1, 4) => (4, 6)
-6525 -57 0
c (16, 1, 4) =>  not (5, 6)
-6526 57 0
c (16, 1, 5) => (5, 6)
-6526 -67 0
c (16, 1, 5) =>  not (6, 6)
-6527 67 0
c (16, 1, 6) => (6, 6)
-6527 -77 0
c (16, 1, 6) =>  not (7, 6)
-6528 77 0
c (16, 1, 7) => (7, 6)
-6528 -87 0
c (16, 1, 7) =>  not (8, 6)
-6529 87 0
c (16, 1, 8) => (8, 6)
-6529 -97 0
c (16, 1, 8) =>  not (9, 6)
-6530 97 0
c (16, 1, 9) => (9, 6)
6901 6902 0
c (17, 0, 0) or (17, 0, 1)
-6902 -6901 0
c (17, 0, 1) => not (17, 0, 0)
-6901 -6921 0
c (17, 0, 0) => not (17, 1, 0)
-6901 -6922 0
c (17, 0, 0) => not (17, 1, 1)
-6901 -6923 0
c (17, 0, 0) => not (17, 1, 2)
-6901 -6924 0
c (17, 0, 0) => not (17, 1, 3)
-6902 -6922 0
c (17, 0, 1) => not (17, 1, 1)
-6902 -6923 0
c (17, 0, 1) => not (17, 1, 2)
-6902 -6924 0
c (17, 0, 1) => not (17, 1, 3)
-6902 -6925 0
c (17, 0, 1) => not (17, 1, 4)
-6901 8 0
c (17, 0, 0) => (0, 7)
-6901 18 0
c (17, 0, 0) => (1, 7)
-6901 28 0
c (17, 0, 0) => (2, 7)
-6901 -38 0
c (17, 0, 0) =>  not (3, 7)
-6902 18 0
c (17, 0, 1) => (1, 7)
-6902 28 0
c (17, 0, 1) => (2, 7)
-6902 38 0
c (17, 0, 1) => (3, 7)
-6902 -48 0
c (17, 0, 1) =>  not (4, 7)
6925 6926 0
c (17, 1, 4) or (17, 1, 5)
-6926 -6925 0
c (17, 1, 5) => not (17, 1, 4)
-6925 -6945 0
c (17, 1, 4) => not (17, 2, 4)
-6925 -6946 0
c (17, 1, 4) => not (17, 2, 5)
-6926 -6946 0
c (17, 1, 5) => not (17, 2, 5)
-6926 -6947 0
c (17, 1, 5) => not (17, 2, 6)
-6925 48 0
c (17, 1, 4) => (4, 7)
-6925 -58 0
c (17, 1, 4) =>  not (5, 7)
-6926 58 0
c (17, 1, 5) => (5, 7)
-6926 -68 0
c (17, 1, 5) =>  not (6, 7)
6947 6948 0
c (17, 2, 6) or (17, 2, 7)
-6948 -6947 0
c (17, 2, 7) => not (17, 2, 6)
-6947 -6967 0
c (17, 2, 6) => not (17, 3, 6)
-6947 -6968 0
c (17, 2, 6) => not (17, 3, 7)
-6948 -6968 0
c (17, 2, 7) => not (17, 3, 7)
-6948 -6969 0
c (17, 2, 7) => not (17, 3, 8)
-6947 68 0
c (17, 2, 6) => (6, 7)
-6947 -78 0
c (17, 2, 6) =>  not (7, 7)
-6948 78 0
c (17, 2, 7) => (7, 7)
-6948 -88 0
c (17, 2, 7) =>  not (8, 7)
6969 6970 0
c (17, 3, 8) or (17, 3, 9)
-6970 -6969 0
c (17, 3, 9) => not (17, 3, 8)
-6969 88 0
c (17, 3, 8) => (8, 7)
-6969 -98 0
c (17, 3, 8) =>  not (9, 7)
-6970 98 0
c (17, 3, 9) => (9, 7)
7301 7302 7303 0
c (18, 0, 0) or (18, 0, 1) or (18, 0, 2)
-7302 -7301 0
c (18, 0, 1) => not (18, 0, 0)
-7303 -7301 0
c (18, 0, 2) => not (18, 0, 0)
-7303 -7302 0
c (18, 0, 2) => not (18, 0, 1)
-7301 -7321 0
c (18, 0, 0) => not (18, 1, 0)
-7301 -7322 0
c (18, 0, 0) => not (18, 1, 1)
-7301 -7323 0
c (18, 0, 0) => not (18, 1, 2)
-7301 -7324 0
c (18, 0, 0) => not (18, 1, 3)
-7302 -7322 0
c (18, 0, 1) => not (18, 1, 1)
-7302 -7323 0
c (18, 0, 1) => not (18, 1, 2)
-7302 -7324 0
c (18, 0, 1) => not (18, 1, 3)
-7302 -7325 0
c (18, 0, 1) => not (18, 1, 4)
-7303 -7323 0
c (18, 0, 2) => not (18, 1, 2)
-7303 -7324 0
c (18, 0, 2) => not (18, 1, 3)
-7303 -7325 0
c (18, 0, 2) => not (18, 1, 4)
-7303 -7326 0
c (18, 0, 2) => not (18, 1, 5)
-7301 9 0
c (18, 0, 0) => (0, 8)
-7301 19 0
c (18, 0, 0) => (1, 8)
-7301 29 0
c (18, 0, 0) => (2, 8)
-7301 -39 0
c (18, 0, 0) =>  not (3, 8)
-7302 19 0
c (18, 0, 1) => (1, 8)
-7302 29 0
c (18, 0, 1) => (2, 8)
-7302 39 0
c (18, 0, 1) => (3, 8)
-7302 -49 0
c (18, 0, 1) =>  not (4, 8)
-7303 29 0
c (18, 0, 2) => (2, 8)
-7303 39 0
c (18, 0, 2) => (3, 8)
-7303 49 0
c (18, 0, 2) => (4, 8)
-7303 -59 0
c (18, 0, 2) =>  not (5, 8)
7325 7326 7327 0
c (18, 1, 4) or (18, 1, 5) or (18, 1, 6)
-7326 -7325 0
c (18, 1, 5) => not (18, 1, 4)
-7327 -7325 0
c (18, 1, 6) => not (18, 1, 4)
-7327 -7326 0
c (18, 1, 6) => not (18, 1, 5)
-7325 -7345 0
c (18, 1, 4) => not (18, 2, 4)
-7325 -7346 0
c (18, 1, 4) => not (18, 2, 5)
-7325 -7347 0
c (18, 1, 4) => not (18, 2, 6)
-7326 -7346 0
c (18, 1, 5) => not (18, 2, 5)
-7326 -7347 0
c (18, 1, 5) => not (18, 2, 6)
-7326 -7348 0
c (18, 1, 5) => not (18, 2, 7)
-7327 -7347 0
c (18, 1, 6) => not (18, 2, 6)
-7327 -7348 0
c (18, 1, 6) => not (18, 2, 7)
-7327 -7349 0
c (18, 1, 6) => not (18, 2, 8)
-7325 49 0
c (18, 1, 4) => (4, 8)
-7325 59 0
c (18, 1, 4) => (5, 8)
-7325 -69 0
c (18, 1, 4) =>  not (6, 8)
-7326 59 0
c (18, 1, 5) => (5, 8)
-7326 69 0
c (18, 1, 5) => (6, 8)
-7326 -79 0
c (18, 1, 5) =>  not (7, 8)
-7327 69 0
c (18, 1, 6) => (6, 8)
-7327 79 0
c (18, 1, 6) => (7, 8)
-7327 -89 0
c (18, 1, 6) =>  not (8, 8)
7348 7349 7350 0
c (18, 2, 7) or (18, 2, 8) or (18, 2, 9)
-7349 -7348 0
c (18, 2, 8) => not (18, 2, 7)
-7350 -7348 0
c (18, 2, 9) => not (18, 2, 7)
-7350 -7349 0
c (18, 2, 9) => not (18, 2, 8)
-7348 79 0
c (18, 2, 7) => (7, 8)
-7348 -89 0
c (18, 2, 7) =>  not (8, 8)
-7349 89 0
c (18, 2, 8) => (8, 8)
-7349 -99 0
c (18, 2, 8) =>  not (9, 8)
-7350 99 0
c (18, 2, 9) => (9, 8)
7701 7702 0
c (19, 0, 0) or (19, 0, 1)
-7702 -7701 0
c (19, 0, 1) => not (19, 0, 0)
-7701 -7721 0
c (19, 0, 0) => not (19, 1, 0)
-7701 -7722 0
c (19, 0, 0) => not (19, 1, 1)
-7701 -7723 0
c (19, 0, 0) => not (19, 1, 2)
-7701 -7724 0
c (19, 0, 0) => not (19, 1, 3)
-7701 -7725 0
c (19, 0, 0) => not (19, 1, 4)
-7702 -7722 0
c (19, 0, 1) => not (19, 1, 1)
-7702 -7723 0
c (19, 0, 1) => not (19, 1, 2)
-7702 -7724 0
c (19, 0, 1) => not (19, 1, 3)
-7702 -7725 0
c (19, 0, 1) => not (19, 1, 4)
-7702 -7726 0
c (19, 0, 1) => not (19, 1, 5)
-7701 10 0
c (19, 0, 0) => (0, 9)
-7701 20 0
c (19, 0, 0) => (1, 9)
-7701 30 0
c (19, 0, 0) => (2, 9)
-7701 40 0
c (19, 0, 0) => (3, 9)
-7701 -50 0
c (19, 0, 0) =>  not (4, 9)
-7702 20 0
c (19, 0, 1) => (1, 9)
-7702 30 0
c (19, 0, 1) => (2, 9)
-7702 40 0
c (19, 0, 1) => (3, 9)
-7702 50 0
c (19, 0, 1) => (4, 9)
-7702 -60 0
c (19, 0, 1) =>  not (5, 9)
7726 7727 0
c (19, 1, 5) or (19, 1, 6)
-7727 -7726 0
c (19, 1, 6) => not (19, 1, 5)
-7726 -7746 0
c (19, 1, 5) => not (19, 2, 5)
-7726 -7747 0
c (19, 1, 5) => not (19, 2, 6)
-7727 -7747 0
c (19, 1, 6) => not (19, 2, 6)
-7727 -7748 0
c (19, 1, 6) => not (19, 2, 7)
-7726 60 0
c (19, 1, 5) => (5, 9)
-7726 -70 0
c (19, 1, 5) =>  not (6, 9)
-7727 70 0
c (19, 1, 6) => (6, 9)
-7727 -80 0
c (19, 1, 6) =>  not (7, 9)
7748 7749 0
c (19, 2, 7) or (19, 2, 8)
-7749 -7748 0
c (19, 2, 8) => not (19, 2, 7)
-7748 80 0
c (19, 2, 7) => (7, 9)
-7748 90 0
c (19, 2, 7) => (8, 9)
-7748 -100 0
c (19, 2, 7) =>  not (9, 9)
-7749 90 0
c (19, 2, 8) => (8, 9)
-7749 100 0
c (19, 2, 8) => (9, 9)
-1 101 0
c (0, 0) => (0, 0, 0)
-1 4101 0
c (0, 0) => (10, 0, 0)
-2 102 0
c (0, 1) => (0, 0, 1)
-2 4501 0
c (0, 1) => (11, 0, 0)
-3 123 0
c (0, 2) => (0, 1, 2)
-3 4901 0
c (0, 2) => (12, 0, 0)
-4 124 123 0
c (0, 3) => (0, 1, 3) or (0, 1, 2)
-4 5301 0
c (0, 3) => (13, 0, 0)
-5 124 123 0
c (0, 4) => (0, 1, 3) or (0, 1, 2)
-5 5701 0
c (0, 4) => (14, 0, 0)
-6 124 123 0
c (0, 5) => (0, 1, 3) or (0, 1, 2)
-6 6101 0
c (0, 5) => (15, 0, 0)
-7 124 123 0
c (0, 6) => (0, 1, 3) or (0, 1, 2)
-7 6501 0
c (0, 6) => (16, 0, 0)
-8 124 123 0
c (0, 7) => (0, 1, 3) or (0, 1, 2)
-8 6901 0
c (0, 7) => (17, 0, 0)
-9 124 123 0
c (0, 8) => (0, 1, 3) or (0, 1, 2)
-9 7301 0
c (0, 8) => (18, 0, 0)
-10 124 0
c (0, 9) => (0, 1, 3)
-10 7701 0
c (0, 9) => (19, 0, 0)
-11 501 0
c (1, 0) => (1, 0, 0)
-11 0
c (1, 0)
-12 502 501 0
c (1, 1) => (1, 0, 1) or (1, 0, 0)
-12 4502 4501 0
c (1, 1) => (11, 0, 1) or (11, 0, 0)
-13 503 502 501 0
c (1, 2) => (1, 0, 2) or (1, 0, 1) or (1, 0, 0)
-13 4902 4901 0
c (1, 2) => (12, 0, 1) or (12, 0, 0)
-14 504 503 502 501 0
c (1, 3) => (1, 0, 3) or (1, 0, 2) or (1, 0, 1) or (1, 0, 0)
-14 5302 5301 0
c (1, 3) => (13, 0, 1) or (13, 0, 0)
-15 504 503 502 501 0
c (1, 4) => (1, 0, 3) or (1, 0, 2) or (1, 0, 1) or (1, 0, 0)
-15 5702 5701 0
c (1, 4) => (14, 0, 1) or (14, 0, 0)
-16 504 503 502 501 0
c (1, 5) => (1, 0, 3) or (1, 0, 2) or (1, 0, 1) or (1, 0, 0)
-16 6102 6101 0
c (1, 5) => (15, 0, 1) or (15, 0, 0)
-17 504 503 502 501 0
c (1, 6) => (1, 0, 3) or (1, 0, 2) or (1, 0, 1) or (1, 0, 0)
-17 6502 6501 0
c (1, 6) => (16, 0, 1) or (16, 0, 0)
-18 504 503 502 0
c (1, 7) => (1, 0, 3) or (1, 0, 2) or (1, 0, 1)
-18 6902 6901 0
c (1, 7) => (17, 0, 1) or (17, 0, 0)
-19 504 503 0
c (1, 8) => (1, 0, 3) or (1, 0, 2)
-19 7302 7301 0
c (1, 8) => (18, 0, 1) or (18, 0, 0)
-20 504 0
c (1, 9) => (1, 0, 3)
-20 7702 7701 0
c (1, 9) => (19, 0, 1) or (19, 0, 0)
-21 901 0
c (2, 0) => (2, 0, 0)
-21 4123 0
c (2, 0) => (10, 1, 2)
-22 901 0
c (2, 1) => (2, 0, 0)
-22 4503 4502 4501 0
c (2, 1) => (11, 0, 2) or (11, 0, 1) or (11, 0, 0)
-23 0
c (2, 2)
-23 4903 4902 4901 0
c (2, 2) => (12, 0, 2) or (12, 0, 1) or (12, 0, 0)
-24 924 0
c (2, 3) => (2, 1, 3)
-24 5302 5301 0
c (2, 3) => (13, 0, 1) or (13, 0, 0)
-25 924 0
c (2, 4) => (2, 1, 3)
-25 5703 5702 5701 0
c (2, 4) => (14, 0, 2) or (14, 0, 1) or (14, 0, 0)
-26 924 0
c (2, 5) => (2, 1, 3)
-26 6103 6102 6101 0
c (2, 5) => (15, 0, 2) or (15, 0, 1) or (15, 0, 0)
-27 924 0
c (2, 6) => (2, 1, 3)
-27 6503 6502 6501 0
c (2, 6) => (16, 0, 2) or (16, 0, 1) or (16, 0, 0)
-28 924 0
c (2, 7) => (2, 1, 3)
-28 6902 6901 0
c (2, 7) => (17, 0, 1) or (17, 0, 0)
-29 924 0
c (2, 8) => (2, 1, 3)
-29 7303 7302 7301 0
c (2, 8) => (18, 0, 2) or (18, 0, 1) or (18, 0, 0)
-30 924 0
c (2, 9) => (2, 1, 3)
-30 7702 7701 0
c (2, 9) => (19, 0, 1) or (19, 0, 0)
-31 1301 0
c (3, 0) => (3, 0, 0)
-31 4123 0
c (3, 0) => (10, 1, 2)
-32 1302 1301 0
c (3, 1) => (3, 0, 1) or (3, 0, 0)
-32 4503 4502 4501 0
c (3, 1) => (11, 0, 2) or (11, 0, 1) or (11, 0, 0)
-33 1303 1302 0
c (3, 2) => (3, 0, 2) or (3, 0, 1)
-33 4904 4903 4902 4901 0
c (3, 2) => (12, 0, 3) or (12, 0, 2) or (12, 0, 1) or (12, 0, 0)
-34 1304 1303 1324 0
c (3, 3) => (3, 0, 3) or (3, 0, 2) or (3, 1, 3)
-34 5302 5301 0
c (3, 3) => (13, 0, 1) or (13, 0, 0)
-35 1304 1325 1324 0
c (3, 4) => (3, 0, 3) or (3, 1, 4) or (3, 1, 3)
-35 5703 5702 5701 0
c (3, 4) => (14, 0, 2) or (14, 0, 1) or (14, 0, 0)
-36 1326 1325 0
c (3, 5) => (3, 1, 5) or (3, 1, 4)
-36 6103 6102 0
c (3, 5) => (15, 0, 2) or (15, 0, 1)
-37 1327 1326 1347 0
c (3, 6) => (3, 1, 6) or (3, 1, 5) or (3, 2, 6)
-37 6504 6503 6502 0
c (3, 6) => (16, 0, 3) or (16, 0, 2) or (16, 0, 1)
-38 1327 1348 0
c (3, 7) => (3, 1, 6) or (3, 2, 7)
-38 6902 0
c (3, 7) => (17, 0, 1)
-39 1349 0
c (3, 8) => (3, 2, 8)
-39 7303 7302 0
c (3, 8) => (18, 0, 2) or (18, 0, 1)
-40 1350 0
c (3, 9) => (3, 2, 9)
-40 7702 7701 0
c (3, 9) => (19, 0, 1) or (19, 0, 0)
-41 1701 0
c (4, 0) => (4, 0, 0)
-41 4123 0
c (4, 0) => (10, 1, 2)
-42 1702 1701 0
c (4, 1) => (4, 0, 1) or (4, 0, 0)
-42 4503 4502 4501 0
c (4, 1) => (11, 0, 2) or (11, 0, 1) or (11, 0, 0)
-43 1703 1702 0
c (4, 2) => (4, 0, 2) or (4, 0, 1)
-43 4905 4904 4903 4902 0
c (4, 2) => (12, 0, 4) or (12, 0, 3) or (12, 0, 2) or (12, 0, 1)
-44 1703 1724 0
c (4, 3) => (4, 0, 2) or (4, 1, 3)
-44 5302 5301 0
c (4, 3) => (13, 0, 1) or (13, 0, 0)
-45 1725 0
c (4, 4) => (4, 1, 4)
-45 5703 5702 0
c (4, 4) => (14, 0, 2) or (14, 0, 1)
-46 1726 1746 0
c (4, 5) => (4, 1, 5) or (4, 2, 5)
-46 6103 6125 0
c (4, 5) => (15, 0, 2) or (15, 1, 4)
-47 1747 1746 0
c (4, 6) => (4, 2, 6) or (4, 2, 5)
-47 6505 6504 6503 6525 0
c (4, 6) => (16, 0, 4) or (16, 0, 3) or (16, 0, 2) or (16, 1, 4)
-48 1748 1747 1746 0
c (4, 7) => (4, 2, 7) or (4, 2, 6) or (4, 2, 5)
-48 6925 0
c (4, 7) => (17, 1, 4)
-49 1748 1747 0
c (4, 8) => (4, 2, 7) or (4, 2, 6)
-49 7303 7325 0
c (4, 8) => (18, 0, 2) or (18, 1, 4)
-50 1748 0
c (4, 9) => (4, 2, 7)
-50 7702 0
c (4, 9) => (19, 0, 1)
-51 2101 0
c (5, 0) => (5, 0, 0)
-51 4123 0
c (5, 0) => (10, 1, 2)
-52 2102 2101 0
c (5, 1) => (5, 0, 1) or (5, 0, 0)
-52 4503 4502 4501 0
c (5, 1) => (11, 0, 2) or (11, 0, 1) or (11, 0, 0)
-53 2103 2102 0
c (5, 2) => (5, 0, 2) or (5, 0, 1)
-53 4906 4905 4904 4903 0
c (5, 2) => (12, 0, 5) or (12, 0, 4) or (12, 0, 3) or (12, 0, 2)
-54 2104 2103 2124 0
c (5, 3) => (5, 0, 3) or (5, 0, 2) or (5, 1, 3)
-54 5302 0
c (5, 3) => (13, 0, 1)
-55 2105 2104 2125 0
c (5, 4) => (5, 0, 4) or (5, 0, 3) or (5, 1, 4)
-55 5703 5726 0
c (5, 4) => (14, 0, 2) or (14, 1, 5)
-56 2106 2105 2126 0
c (5, 5) => (5, 0, 5) or (5, 0, 4) or (5, 1, 5)
-56 6126 0
c (5, 5) => (15, 1, 5)
-57 2107 2106 2127 0
c (5, 6) => (5, 0, 6) or (5, 0, 5) or (5, 1, 6)
-57 6506 6505 6504 6526 0
c (5, 6) => (16, 0, 5) or (16, 0, 4) or (16, 0, 3) or (16, 1, 5)
-58 2107 2128 0
c (5, 7) => (5, 0, 6) or (5, 1, 7)
-58 6926 0
c (5, 7) => (17, 1, 5)
-59 2129 0
c (5, 8) => (5, 1, 8)
-59 7326 7325 0
c (5, 8) => (18, 1, 5) or (18, 1, 4)
-60 2130 0
c (5, 9) => (5, 1, 9)
-60 7726 0
c (5, 9) => (19, 1, 5)
-61 2501 0
c (6, 0) => (6, 0, 0)
-61 4123 0
c (6, 0) => (10, 1, 2)
-62 2502 2501 0
c (6, 1) => (6, 0, 1) or (6, 0, 0)
-62 4503 4502 4501 0
c (6, 1) => (11, 0, 2) or (11, 0, 1) or (11, 0, 0)
-63 2503 2502 2501 0
c (6, 2) => (6, 0, 2) or (6, 0, 1) or (6, 0, 0)
-63 4907 4906 4905 4904 0
c (6, 2) => (12, 0, 6) or (12, 0, 5) or (12, 0, 4) or (12, 0, 3)
-64 2504 2503 2502 0
c (6, 3) => (6, 0, 3) or (6, 0, 2) or (6, 0, 1)
-64 5327 0
c (6, 3) => (13, 1, 6)
-65 2505 2504 2503 2525 0
c (6, 4) => (6, 0, 4) or (6, 0, 3) or (6, 0, 2) or (6, 1, 4)
-65 5727 0
c (6, 4) => (14, 1, 6)
-66 2505 2504 2526 2525 0
c (6, 5) => (6, 0, 4) or (6, 0, 3) or (6, 1, 5) or (6, 1, 4)
-66 6127 6147 0
c (6, 5) => (15, 1, 6) or (15, 2, 6)
-67 2505 2527 2526 0
c (6, 6) => (6, 0, 4) or (6, 1, 6) or (6, 1, 5)
-67 6506 6505 6527 0
c (6, 6) => (16, 0, 5) or (16, 0, 4) or (16, 1, 6)
-68 2528 2527 0
c (6, 7) => (6, 1, 7) or (6, 1, 6)
-68 6947 0
c (6, 7) => (17, 2, 6)
-69 2529 2528 0
c (6, 8) => (6, 1, 8) or (6, 1, 7)
-69 7327 7326 0
c (6, 8) => (18, 1, 6) or (18, 1, 5)
-70 2529 0
c (6, 9) => (6, 1, 8)
-70 7727 0
c (6, 9) => (19, 1, 6)
-71 2901 0
c (7, 0) => (7, 0, 0)
-71 4123 0
c (7, 0) => (10, 1, 2)
-72 2902 2901 0
c (7, 1) => (7, 0, 1) or (7, 0, 0)
-72 4503 4502 4501 0
c (7, 1) => (11, 0, 2) or (11, 0, 1) or (11, 0, 0)
-73 2903 2902 2901 0
c (7, 2) => (7, 0, 2) or (7, 0, 1) or (7, 0, 0)
-73 4907 4906 4905 0
c (7, 2) => (12, 0, 6) or (12, 0, 5) or (12, 0, 4)
-74 2904 2903 2902 2901 0
c (7, 3) => (7, 0, 3) or (7, 0, 2) or (7, 0, 1) or (7, 0, 0)
-74 5328 5327 0
c (7, 3) => (13, 1, 7) or (13, 1, 6)
-75 2904 2903 2902 0
c (7, 4) => (7, 0, 3) or (7, 0, 2) or (7, 0, 1)
-75 5728 5748 0
c (7, 4) => (14, 1, 7) or (14, 2, 7)
-76 2904 2903 2926 0
c (7, 5) => (7, 0, 3) or (7, 0, 2) or (7, 1, 5)
-76 6148 6147 0
c (7, 5) => (15, 2, 7) or (15, 2, 6)
-77 2904 2927 2926 0
c (7, 6) => (7, 0, 3) or (7, 1, 6) or (7, 1, 5)
-77 6506 6528 0
c (7, 6) => (16, 0, 5) or (16, 1, 7)
-78 2928 2927 0
c (7, 7) => (7, 1, 7) or (7, 1, 6)
-78 6948 0
c (7, 7) => (17, 2, 7)
-79 2929 2928 0
c (7, 8) => (7, 1, 8) or (7, 1, 7)
-79 7327 7348 0
c (7, 8) => (18, 1, 6) or (18, 2, 7)
-80 2929 0
c (7, 9) => (7, 1, 8)
-80 7748 0
c (7, 9) => (19, 2, 7)
-81 3301 0
c (8, 0) => (8, 0, 0)
-81 4123 0
c (8, 0) => (10, 1, 2)
-82 3302 3301 0
c (8, 1) => (8, 0, 1) or (8, 0, 0)
-82 4503 4502 0
c (8, 1) => (11, 0, 2) or (11, 0, 1)
-83 3303 3302 3301 0
c (8, 2) => (8, 0, 2) or (8, 0, 1) or (8, 0, 0)
-83 4907 4906 0
c (8, 2) => (12, 0, 6) or (12, 0, 5)
-84 3303 3302 3301 0
c (8, 3) => (8, 0, 2) or (8, 0, 1) or (8, 0, 0)
-84 5328 5327 0
c (8, 3) => (13, 1, 7) or (13, 1, 6)
-85 3303 3302 3301 0
c (8, 4) => (8, 0, 2) or (8, 0, 1) or (8, 0, 0)
-85 5749 0
c (8, 4) => (14, 2, 8)
-86 3303 3302 3301 0
c (8, 5) => (8, 0, 2) or (8, 0, 1) or (8, 0, 0)
-86 6149 6148 0
c (8, 5) => (15, 2, 8) or (15, 2, 7)
-87 3303 3302 0
c (8, 6) => (8, 0, 2) or (8, 0, 1)
-87 6529 0
c (8, 6) => (16, 1, 8)
-88 3303 3328 0
c (8, 7) => (8, 0, 2) or (8, 1, 7)
-88 6969 0
c (8, 7) => (17, 3, 8)
-89 3329 0
c (8, 8) => (8, 1, 8)
-89 7349 0
c (8, 8) => (18, 2, 8)
-90 3330 0
c (8, 9) => (8, 1, 9)
-90 7749 7748 0
c (8, 9) => (19, 2, 8) or (19, 2, 7)
-91 3701 0
c (9, 0) => (9, 0, 0)
-91 4123 0
c (9, 0) => (10, 1, 2)
-92 3701 0
c (9, 1) => (9, 0, 0)
-92 4503 0
c (9, 1) => (11, 0, 2)
-93 3701 0
c (9, 2) => (9, 0, 0)
-93 4907 0
c (9, 2) => (12, 0, 6)
-94 3701 0
c (9, 3) => (9, 0, 0)
-94 5328 0
c (9, 3) => (13, 1, 7)
-95 0
c (9, 4)
-95 5750 0
c (9, 4) => (14, 2, 9)
-96 3726 0
c (9, 5) => (9, 1, 5)
-96 6149 0
c (9, 5) => (15, 2, 8)
-97 0
c (9, 6)
-97 6530 0
c (9, 6) => (16, 1, 9)
-98 3748 0
c (9, 7) => (9, 2, 7)
-98 6970 0
c (9, 7) => (17, 3, 9)
-99 3748 0
c (9, 8) => (9, 2, 7)
-99 7350 0
c (9, 8) => (18, 2, 9)
-100 3748 0
c (9, 9) => (9, 2, 7)
-100 7749 0
c (9, 9) => (19, 2, 8)
