c picross_5_5_EGJL3MLF.txt : Picross CNF file python generated.
26 27 28 29 30 0
c (0, 0, 0) or (0, 0, 1) or (0, 0, 2) or (0, 0, 3) or (0, 0, 4)
-27 -26 0
c (0, 0, 1) => not (0, 0, 0)
-28 -26 0
c (0, 0, 2) => not (0, 0, 0)
-28 -27 0
c (0, 0, 2) => not (0, 0, 1)
-29 -26 0
c (0, 0, 3) => not (0, 0, 0)
-29 -27 0
c (0, 0, 3) => not (0, 0, 1)
-29 -28 0
c (0, 0, 3) => not (0, 0, 2)
-30 -26 0
c (0, 0, 4) => not (0, 0, 0)
-30 -27 0
c (0, 0, 4) => not (0, 0, 1)
-30 -28 0
c (0, 0, 4) => not (0, 0, 2)
-30 -29 0
c (0, 0, 4) => not (0, 0, 3)
-26 1 0
c (0, 0, 0) => (0, 0)
-26 -2 0
c (0, 0, 0) =>  not (0, 1)
-27 2 0
c (0, 0, 1) => (0, 1)
-27 -3 0
c (0, 0, 1) =>  not (0, 2)
-28 3 0
c (0, 0, 2) => (0, 2)
-28 -4 0
c (0, 0, 2) =>  not (0, 3)
-29 4 0
c (0, 0, 3) => (0, 3)
-29 -5 0
c (0, 0, 3) =>  not (0, 4)
-30 5 0
c (0, 0, 4) => (0, 4)
126 0
c (1, 0, 0)
-126 -136 0
c (1, 0, 0) => not (1, 1, 0)
-126 -137 0
c (1, 0, 0) => not (1, 1, 1)
-126 6 0
c (1, 0, 0) => (1, 0)
-126 -7 0
c (1, 0, 0) =>  not (1, 1)
138 0
c (1, 1, 2)
-138 8 0
c (1, 1, 2) => (1, 2)
-138 9 0
c (1, 1, 2) => (1, 3)
-138 10 0
c (1, 1, 2) => (1, 4)
226 227 228 0
c (2, 0, 0) or (2, 0, 1) or (2, 0, 2)
-227 -226 0
c (2, 0, 1) => not (2, 0, 0)
-228 -226 0
c (2, 0, 2) => not (2, 0, 0)
-228 -227 0
c (2, 0, 2) => not (2, 0, 1)
-226 11 0
c (2, 0, 0) => (2, 0)
-226 12 0
c (2, 0, 0) => (2, 1)
-226 13 0
c (2, 0, 0) => (2, 2)
-226 -14 0
c (2, 0, 0) =>  not (2, 3)
-227 12 0
c (2, 0, 1) => (2, 1)
-227 13 0
c (2, 0, 1) => (2, 2)
-227 14 0
c (2, 0, 1) => (2, 3)
-227 -15 0
c (2, 0, 1) =>  not (2, 4)
-228 13 0
c (2, 0, 2) => (2, 2)
-228 14 0
c (2, 0, 2) => (2, 3)
-228 15 0
c (2, 0, 2) => (2, 4)
326 327 328 0
c (3, 0, 0) or (3, 0, 1) or (3, 0, 2)
-327 -326 0
c (3, 0, 1) => not (3, 0, 0)
-328 -326 0
c (3, 0, 2) => not (3, 0, 0)
-328 -327 0
c (3, 0, 2) => not (3, 0, 1)
-326 -336 0
c (3, 0, 0) => not (3, 1, 0)
-326 -337 0
c (3, 0, 0) => not (3, 1, 1)
-327 -337 0
c (3, 0, 1) => not (3, 1, 1)
-327 -338 0
c (3, 0, 1) => not (3, 1, 2)
-328 -338 0
c (3, 0, 2) => not (3, 1, 2)
-328 -339 0
c (3, 0, 2) => not (3, 1, 3)
-326 16 0
c (3, 0, 0) => (3, 0)
-326 -17 0
c (3, 0, 0) =>  not (3, 1)
-327 17 0
c (3, 0, 1) => (3, 1)
-327 -18 0
c (3, 0, 1) =>  not (3, 2)
-328 18 0
c (3, 0, 2) => (3, 2)
-328 -19 0
c (3, 0, 2) =>  not (3, 3)
338 339 340 0
c (3, 1, 2) or (3, 1, 3) or (3, 1, 4)
-339 -338 0
c (3, 1, 3) => not (3, 1, 2)
-340 -338 0
c (3, 1, 4) => not (3, 1, 2)
-340 -339 0
c (3, 1, 4) => not (3, 1, 3)
-338 18 0
c (3, 1, 2) => (3, 2)
-338 -19 0
c (3, 1, 2) =>  not (3, 3)
-339 19 0
c (3, 1, 3) => (3, 3)
-339 -20 0
c (3, 1, 3) =>  not (3, 4)
-340 20 0
c (3, 1, 4) => (3, 4)
426 427 428 0
c (4, 0, 0) or (4, 0, 1) or (4, 0, 2)
-427 -426 0
c (4, 0, 1) => not (4, 0, 0)
-428 -426 0
c (4, 0, 2) => not (4, 0, 0)
-428 -427 0
c (4, 0, 2) => not (4, 0, 1)
-426 -436 0
c (4, 0, 0) => not (4, 1, 0)
-426 -437 0
c (4, 0, 0) => not (4, 1, 1)
-427 -437 0
c (4, 0, 1) => not (4, 1, 1)
-427 -438 0
c (4, 0, 1) => not (4, 1, 2)
-428 -438 0
c (4, 0, 2) => not (4, 1, 2)
-428 -439 0
c (4, 0, 2) => not (4, 1, 3)
-426 21 0
c (4, 0, 0) => (4, 0)
-426 -22 0
c (4, 0, 0) =>  not (4, 1)
-427 22 0
c (4, 0, 1) => (4, 1)
-427 -23 0
c (4, 0, 1) =>  not (4, 2)
-428 23 0
c (4, 0, 2) => (4, 2)
-428 -24 0
c (4, 0, 2) =>  not (4, 3)
438 439 440 0
c (4, 1, 2) or (4, 1, 3) or (4, 1, 4)
-439 -438 0
c (4, 1, 3) => not (4, 1, 2)
-440 -438 0
c (4, 1, 4) => not (4, 1, 2)
-440 -439 0
c (4, 1, 4) => not (4, 1, 3)
-438 23 0
c (4, 1, 2) => (4, 2)
-438 -24 0
c (4, 1, 2) =>  not (4, 3)
-439 24 0
c (4, 1, 3) => (4, 3)
-439 -25 0
c (4, 1, 3) =>  not (4, 4)
-440 25 0
c (4, 1, 4) => (4, 4)
526 527 528 529 530 0
c (5, 0, 0) or (5, 0, 1) or (5, 0, 2) or (5, 0, 3) or (5, 0, 4)
-527 -526 0
c (5, 0, 1) => not (5, 0, 0)
-528 -526 0
c (5, 0, 2) => not (5, 0, 0)
-528 -527 0
c (5, 0, 2) => not (5, 0, 1)
-529 -526 0
c (5, 0, 3) => not (5, 0, 0)
-529 -527 0
c (5, 0, 3) => not (5, 0, 1)
-529 -528 0
c (5, 0, 3) => not (5, 0, 2)
-530 -526 0
c (5, 0, 4) => not (5, 0, 0)
-530 -527 0
c (5, 0, 4) => not (5, 0, 1)
-530 -528 0
c (5, 0, 4) => not (5, 0, 2)
-530 -529 0
c (5, 0, 4) => not (5, 0, 3)
-526 1 0
c (5, 0, 0) => (0, 0)
-526 -6 0
c (5, 0, 0) =>  not (1, 0)
-527 6 0
c (5, 0, 1) => (1, 0)
-527 -11 0
c (5, 0, 1) =>  not (2, 0)
-528 11 0
c (5, 0, 2) => (2, 0)
-528 -16 0
c (5, 0, 2) =>  not (3, 0)
-529 16 0
c (5, 0, 3) => (3, 0)
-529 -21 0
c (5, 0, 3) =>  not (4, 0)
-530 21 0
c (5, 0, 4) => (4, 0)
626 627 628 0
c (6, 0, 0) or (6, 0, 1) or (6, 0, 2)
-627 -626 0
c (6, 0, 1) => not (6, 0, 0)
-628 -626 0
c (6, 0, 2) => not (6, 0, 0)
-628 -627 0
c (6, 0, 2) => not (6, 0, 1)
-626 2 0
c (6, 0, 0) => (0, 1)
-626 7 0
c (6, 0, 0) => (1, 1)
-626 12 0
c (6, 0, 0) => (2, 1)
-626 -17 0
c (6, 0, 0) =>  not (3, 1)
-627 7 0
c (6, 0, 1) => (1, 1)
-627 12 0
c (6, 0, 1) => (2, 1)
-627 17 0
c (6, 0, 1) => (3, 1)
-627 -22 0
c (6, 0, 1) =>  not (4, 1)
-628 12 0
c (6, 0, 2) => (2, 1)
-628 17 0
c (6, 0, 2) => (3, 1)
-628 22 0
c (6, 0, 2) => (4, 1)
726 727 728 729 0
c (7, 0, 0) or (7, 0, 1) or (7, 0, 2) or (7, 0, 3)
-727 -726 0
c (7, 0, 1) => not (7, 0, 0)
-728 -726 0
c (7, 0, 2) => not (7, 0, 0)
-728 -727 0
c (7, 0, 2) => not (7, 0, 1)
-729 -726 0
c (7, 0, 3) => not (7, 0, 0)
-729 -727 0
c (7, 0, 3) => not (7, 0, 1)
-729 -728 0
c (7, 0, 3) => not (7, 0, 2)
-726 3 0
c (7, 0, 0) => (0, 2)
-726 8 0
c (7, 0, 0) => (1, 2)
-726 -13 0
c (7, 0, 0) =>  not (2, 2)
-727 8 0
c (7, 0, 1) => (1, 2)
-727 13 0
c (7, 0, 1) => (2, 2)
-727 -18 0
c (7, 0, 1) =>  not (3, 2)
-728 13 0
c (7, 0, 2) => (2, 2)
-728 18 0
c (7, 0, 2) => (3, 2)
-728 -23 0
c (7, 0, 2) =>  not (4, 2)
-729 18 0
c (7, 0, 3) => (3, 2)
-729 23 0
c (7, 0, 3) => (4, 2)
826 0
c (8, 0, 0)
-826 4 0
c (8, 0, 0) => (0, 3)
-826 9 0
c (8, 0, 0) => (1, 3)
-826 14 0
c (8, 0, 0) => (2, 3)
-826 19 0
c (8, 0, 0) => (3, 3)
-826 24 0
c (8, 0, 0) => (4, 3)
926 927 928 929 930 0
c (9, 0, 0) or (9, 0, 1) or (9, 0, 2) or (9, 0, 3) or (9, 0, 4)
-927 -926 0
c (9, 0, 1) => not (9, 0, 0)
-928 -926 0
c (9, 0, 2) => not (9, 0, 0)
-928 -927 0
c (9, 0, 2) => not (9, 0, 1)
-929 -926 0
c (9, 0, 3) => not (9, 0, 0)
-929 -927 0
c (9, 0, 3) => not (9, 0, 1)
-929 -928 0
c (9, 0, 3) => not (9, 0, 2)
-930 -926 0
c (9, 0, 4) => not (9, 0, 0)
-930 -927 0
c (9, 0, 4) => not (9, 0, 1)
-930 -928 0
c (9, 0, 4) => not (9, 0, 2)
-930 -929 0
c (9, 0, 4) => not (9, 0, 3)
-926 5 0
c (9, 0, 0) => (0, 4)
-926 -10 0
c (9, 0, 0) =>  not (1, 4)
-927 10 0
c (9, 0, 1) => (1, 4)
-927 -15 0
c (9, 0, 1) =>  not (2, 4)
-928 15 0
c (9, 0, 2) => (2, 4)
-928 -20 0
c (9, 0, 2) =>  not (3, 4)
-929 20 0
c (9, 0, 3) => (3, 4)
-929 -25 0
c (9, 0, 3) =>  not (4, 4)
-930 25 0
c (9, 0, 4) => (4, 4)
-1 26 0
c (0, 0) => (0, 0, 0)
-1 526 0
c (0, 0) => (5, 0, 0)
-2 27 0
c (0, 1) => (0, 0, 1)
-2 626 0
c (0, 1) => (6, 0, 0)
-3 28 0
c (0, 2) => (0, 0, 2)
-3 726 0
c (0, 2) => (7, 0, 0)
-4 29 0
c (0, 3) => (0, 0, 3)
-4 826 0
c (0, 3) => (8, 0, 0)
-5 30 0
c (0, 4) => (0, 0, 4)
-5 926 0
c (0, 4) => (9, 0, 0)
-6 126 0
c (1, 0) => (1, 0, 0)
-6 527 0
c (1, 0) => (5, 0, 1)
-7 0
c (1, 1)
-7 627 626 0
c (1, 1) => (6, 0, 1) or (6, 0, 0)
-8 138 0
c (1, 2) => (1, 1, 2)
-8 727 726 0
c (1, 2) => (7, 0, 1) or (7, 0, 0)
-9 138 0
c (1, 3) => (1, 1, 2)
-9 826 0
c (1, 3) => (8, 0, 0)
-10 138 0
c (1, 4) => (1, 1, 2)
-10 927 0
c (1, 4) => (9, 0, 1)
-11 226 0
c (2, 0) => (2, 0, 0)
-11 528 0
c (2, 0) => (5, 0, 2)
-12 227 226 0
c (2, 1) => (2, 0, 1) or (2, 0, 0)
-12 628 627 626 0
c (2, 1) => (6, 0, 2) or (6, 0, 1) or (6, 0, 0)
-13 228 227 226 0
c (2, 2) => (2, 0, 2) or (2, 0, 1) or (2, 0, 0)
-13 728 727 0
c (2, 2) => (7, 0, 2) or (7, 0, 1)
-14 228 227 0
c (2, 3) => (2, 0, 2) or (2, 0, 1)
-14 826 0
c (2, 3) => (8, 0, 0)
-15 228 0
c (2, 4) => (2, 0, 2)
-15 928 0
c (2, 4) => (9, 0, 2)
-16 326 0
c (3, 0) => (3, 0, 0)
-16 529 0
c (3, 0) => (5, 0, 3)
-17 327 0
c (3, 1) => (3, 0, 1)
-17 628 627 0
c (3, 1) => (6, 0, 2) or (6, 0, 1)
-18 328 338 0
c (3, 2) => (3, 0, 2) or (3, 1, 2)
-18 729 728 0
c (3, 2) => (7, 0, 3) or (7, 0, 2)
-19 339 0
c (3, 3) => (3, 1, 3)
-19 826 0
c (3, 3) => (8, 0, 0)
-20 340 0
c (3, 4) => (3, 1, 4)
-20 929 0
c (3, 4) => (9, 0, 3)
-21 426 0
c (4, 0) => (4, 0, 0)
-21 530 0
c (4, 0) => (5, 0, 4)
-22 427 0
c (4, 1) => (4, 0, 1)
-22 628 0
c (4, 1) => (6, 0, 2)
-23 428 438 0
c (4, 2) => (4, 0, 2) or (4, 1, 2)
-23 729 0
c (4, 2) => (7, 0, 3)
-24 439 0
c (4, 3) => (4, 1, 3)
-24 826 0
c (4, 3) => (8, 0, 0)
-25 440 0
c (4, 4) => (4, 1, 4)
-25 930 0
c (4, 4) => (9, 0, 4)
