c picross_8_8_JRF431YX10EVG1R.txt : Picross CNF file python generated.
65 66 67 68 69 70 71 72 0
c (0, 0, 0) or (0, 0, 1) or (0, 0, 2) or (0, 0, 3) or (0, 0, 4) or (0, 0, 5) or (0, 0, 6) or (0, 0, 7)
-66 -65 0
c (0, 0, 1) => not (0, 0, 0)
-67 -65 0
c (0, 0, 2) => not (0, 0, 0)
-67 -66 0
c (0, 0, 2) => not (0, 0, 1)
-68 -65 0
c (0, 0, 3) => not (0, 0, 0)
-68 -66 0
c (0, 0, 3) => not (0, 0, 1)
-68 -67 0
c (0, 0, 3) => not (0, 0, 2)
-69 -65 0
c (0, 0, 4) => not (0, 0, 0)
-69 -66 0
c (0, 0, 4) => not (0, 0, 1)
-69 -67 0
c (0, 0, 4) => not (0, 0, 2)
-69 -68 0
c (0, 0, 4) => not (0, 0, 3)
-70 -65 0
c (0, 0, 5) => not (0, 0, 0)
-70 -66 0
c (0, 0, 5) => not (0, 0, 1)
-70 -67 0
c (0, 0, 5) => not (0, 0, 2)
-70 -68 0
c (0, 0, 5) => not (0, 0, 3)
-70 -69 0
c (0, 0, 5) => not (0, 0, 4)
-71 -65 0
c (0, 0, 6) => not (0, 0, 0)
-71 -66 0
c (0, 0, 6) => not (0, 0, 1)
-71 -67 0
c (0, 0, 6) => not (0, 0, 2)
-71 -68 0
c (0, 0, 6) => not (0, 0, 3)
-71 -69 0
c (0, 0, 6) => not (0, 0, 4)
-71 -70 0
c (0, 0, 6) => not (0, 0, 5)
-72 -65 0
c (0, 0, 7) => not (0, 0, 0)
-72 -66 0
c (0, 0, 7) => not (0, 0, 1)
-72 -67 0
c (0, 0, 7) => not (0, 0, 2)
-72 -68 0
c (0, 0, 7) => not (0, 0, 3)
-72 -69 0
c (0, 0, 7) => not (0, 0, 4)
-72 -70 0
c (0, 0, 7) => not (0, 0, 5)
-72 -71 0
c (0, 0, 7) => not (0, 0, 6)
-65 1 0
c (0, 0, 0) => (0, 0)
-65 -2 0
c (0, 0, 0) =>  not (0, 1)
-66 2 0
c (0, 0, 1) => (0, 1)
-66 -3 0
c (0, 0, 1) =>  not (0, 2)
-67 3 0
c (0, 0, 2) => (0, 2)
-67 -4 0
c (0, 0, 2) =>  not (0, 3)
-68 4 0
c (0, 0, 3) => (0, 3)
-68 -5 0
c (0, 0, 3) =>  not (0, 4)
-69 5 0
c (0, 0, 4) => (0, 4)
-69 -6 0
c (0, 0, 4) =>  not (0, 5)
-70 6 0
c (0, 0, 5) => (0, 5)
-70 -7 0
c (0, 0, 5) =>  not (0, 6)
-71 7 0
c (0, 0, 6) => (0, 6)
-71 -8 0
c (0, 0, 6) =>  not (0, 7)
-72 8 0
c (0, 0, 7) => (0, 7)
321 322 323 324 325 326 327 0
c (1, 0, 0) or (1, 0, 1) or (1, 0, 2) or (1, 0, 3) or (1, 0, 4) or (1, 0, 5) or (1, 0, 6)
-322 -321 0
c (1, 0, 1) => not (1, 0, 0)
-323 -321 0
c (1, 0, 2) => not (1, 0, 0)
-323 -322 0
c (1, 0, 2) => not (1, 0, 1)
-324 -321 0
c (1, 0, 3) => not (1, 0, 0)
-324 -322 0
c (1, 0, 3) => not (1, 0, 1)
-324 -323 0
c (1, 0, 3) => not (1, 0, 2)
-325 -321 0
c (1, 0, 4) => not (1, 0, 0)
-325 -322 0
c (1, 0, 4) => not (1, 0, 1)
-325 -323 0
c (1, 0, 4) => not (1, 0, 2)
-325 -324 0
c (1, 0, 4) => not (1, 0, 3)
-326 -321 0
c (1, 0, 5) => not (1, 0, 0)
-326 -322 0
c (1, 0, 5) => not (1, 0, 1)
-326 -323 0
c (1, 0, 5) => not (1, 0, 2)
-326 -324 0
c (1, 0, 5) => not (1, 0, 3)
-326 -325 0
c (1, 0, 5) => not (1, 0, 4)
-327 -321 0
c (1, 0, 6) => not (1, 0, 0)
-327 -322 0
c (1, 0, 6) => not (1, 0, 1)
-327 -323 0
c (1, 0, 6) => not (1, 0, 2)
-327 -324 0
c (1, 0, 6) => not (1, 0, 3)
-327 -325 0
c (1, 0, 6) => not (1, 0, 4)
-327 -326 0
c (1, 0, 6) => not (1, 0, 5)
-321 9 0
c (1, 0, 0) => (1, 0)
-321 10 0
c (1, 0, 0) => (1, 1)
-321 -11 0
c (1, 0, 0) =>  not (1, 2)
-322 10 0
c (1, 0, 1) => (1, 1)
-322 11 0
c (1, 0, 1) => (1, 2)
-322 -12 0
c (1, 0, 1) =>  not (1, 3)
-323 11 0
c (1, 0, 2) => (1, 2)
-323 12 0
c (1, 0, 2) => (1, 3)
-323 -13 0
c (1, 0, 2) =>  not (1, 4)
-324 12 0
c (1, 0, 3) => (1, 3)
-324 13 0
c (1, 0, 3) => (1, 4)
-324 -14 0
c (1, 0, 3) =>  not (1, 5)
-325 13 0
c (1, 0, 4) => (1, 4)
-325 14 0
c (1, 0, 4) => (1, 5)
-325 -15 0
c (1, 0, 4) =>  not (1, 6)
-326 14 0
c (1, 0, 5) => (1, 5)
-326 15 0
c (1, 0, 5) => (1, 6)
-326 -16 0
c (1, 0, 5) =>  not (1, 7)
-327 15 0
c (1, 0, 6) => (1, 6)
-327 16 0
c (1, 0, 6) => (1, 7)
577 578 579 580 0
c (2, 0, 0) or (2, 0, 1) or (2, 0, 2) or (2, 0, 3)
-578 -577 0
c (2, 0, 1) => not (2, 0, 0)
-579 -577 0
c (2, 0, 2) => not (2, 0, 0)
-579 -578 0
c (2, 0, 2) => not (2, 0, 1)
-580 -577 0
c (2, 0, 3) => not (2, 0, 0)
-580 -578 0
c (2, 0, 3) => not (2, 0, 1)
-580 -579 0
c (2, 0, 3) => not (2, 0, 2)
-577 -593 0
c (2, 0, 0) => not (2, 1, 0)
-577 -594 0
c (2, 0, 0) => not (2, 1, 1)
-578 -594 0
c (2, 0, 1) => not (2, 1, 1)
-578 -595 0
c (2, 0, 1) => not (2, 1, 2)
-579 -595 0
c (2, 0, 2) => not (2, 1, 2)
-579 -596 0
c (2, 0, 2) => not (2, 1, 3)
-580 -596 0
c (2, 0, 3) => not (2, 1, 3)
-580 -597 0
c (2, 0, 3) => not (2, 1, 4)
-577 17 0
c (2, 0, 0) => (2, 0)
-577 -18 0
c (2, 0, 0) =>  not (2, 1)
-578 18 0
c (2, 0, 1) => (2, 1)
-578 -19 0
c (2, 0, 1) =>  not (2, 2)
-579 19 0
c (2, 0, 2) => (2, 2)
-579 -20 0
c (2, 0, 2) =>  not (2, 3)
-580 20 0
c (2, 0, 3) => (2, 3)
-580 -21 0
c (2, 0, 3) =>  not (2, 4)
595 596 597 598 0
c (2, 1, 2) or (2, 1, 3) or (2, 1, 4) or (2, 1, 5)
-596 -595 0
c (2, 1, 3) => not (2, 1, 2)
-597 -595 0
c (2, 1, 4) => not (2, 1, 2)
-597 -596 0
c (2, 1, 4) => not (2, 1, 3)
-598 -595 0
c (2, 1, 5) => not (2, 1, 2)
-598 -596 0
c (2, 1, 5) => not (2, 1, 3)
-598 -597 0
c (2, 1, 5) => not (2, 1, 4)
-595 19 0
c (2, 1, 2) => (2, 2)
-595 20 0
c (2, 1, 2) => (2, 3)
-595 21 0
c (2, 1, 2) => (2, 4)
-595 -22 0
c (2, 1, 2) =>  not (2, 5)
-596 20 0
c (2, 1, 3) => (2, 3)
-596 21 0
c (2, 1, 3) => (2, 4)
-596 22 0
c (2, 1, 3) => (2, 5)
-596 -23 0
c (2, 1, 3) =>  not (2, 6)
-597 21 0
c (2, 1, 4) => (2, 4)
-597 22 0
c (2, 1, 4) => (2, 5)
-597 23 0
c (2, 1, 4) => (2, 6)
-597 -24 0
c (2, 1, 4) =>  not (2, 7)
-598 22 0
c (2, 1, 5) => (2, 5)
-598 23 0
c (2, 1, 5) => (2, 6)
-598 24 0
c (2, 1, 5) => (2, 7)
833 834 835 836 0
c (3, 0, 0) or (3, 0, 1) or (3, 0, 2) or (3, 0, 3)
-834 -833 0
c (3, 0, 1) => not (3, 0, 0)
-835 -833 0
c (3, 0, 2) => not (3, 0, 0)
-835 -834 0
c (3, 0, 2) => not (3, 0, 1)
-836 -833 0
c (3, 0, 3) => not (3, 0, 0)
-836 -834 0
c (3, 0, 3) => not (3, 0, 1)
-836 -835 0
c (3, 0, 3) => not (3, 0, 2)
-833 25 0
c (3, 0, 0) => (3, 0)
-833 26 0
c (3, 0, 0) => (3, 1)
-833 27 0
c (3, 0, 0) => (3, 2)
-833 28 0
c (3, 0, 0) => (3, 3)
-833 29 0
c (3, 0, 0) => (3, 4)
-833 -30 0
c (3, 0, 0) =>  not (3, 5)
-834 26 0
c (3, 0, 1) => (3, 1)
-834 27 0
c (3, 0, 1) => (3, 2)
-834 28 0
c (3, 0, 1) => (3, 3)
-834 29 0
c (3, 0, 1) => (3, 4)
-834 30 0
c (3, 0, 1) => (3, 5)
-834 -31 0
c (3, 0, 1) =>  not (3, 6)
-835 27 0
c (3, 0, 2) => (3, 2)
-835 28 0
c (3, 0, 2) => (3, 3)
-835 29 0
c (3, 0, 2) => (3, 4)
-835 30 0
c (3, 0, 2) => (3, 5)
-835 31 0
c (3, 0, 2) => (3, 6)
-835 -32 0
c (3, 0, 2) =>  not (3, 7)
-836 28 0
c (3, 0, 3) => (3, 3)
-836 29 0
c (3, 0, 3) => (3, 4)
-836 30 0
c (3, 0, 3) => (3, 5)
-836 31 0
c (3, 0, 3) => (3, 6)
-836 32 0
c (3, 0, 3) => (3, 7)
1089 1090 1091 1092 0
c (4, 0, 0) or (4, 0, 1) or (4, 0, 2) or (4, 0, 3)
-1090 -1089 0
c (4, 0, 1) => not (4, 0, 0)
-1091 -1089 0
c (4, 0, 2) => not (4, 0, 0)
-1091 -1090 0
c (4, 0, 2) => not (4, 0, 1)
-1092 -1089 0
c (4, 0, 3) => not (4, 0, 0)
-1092 -1090 0
c (4, 0, 3) => not (4, 0, 1)
-1092 -1091 0
c (4, 0, 3) => not (4, 0, 2)
-1089 33 0
c (4, 0, 0) => (4, 0)
-1089 34 0
c (4, 0, 0) => (4, 1)
-1089 35 0
c (4, 0, 0) => (4, 2)
-1089 36 0
c (4, 0, 0) => (4, 3)
-1089 37 0
c (4, 0, 0) => (4, 4)
-1089 -38 0
c (4, 0, 0) =>  not (4, 5)
-1090 34 0
c (4, 0, 1) => (4, 1)
-1090 35 0
c (4, 0, 1) => (4, 2)
-1090 36 0
c (4, 0, 1) => (4, 3)
-1090 37 0
c (4, 0, 1) => (4, 4)
-1090 38 0
c (4, 0, 1) => (4, 5)
-1090 -39 0
c (4, 0, 1) =>  not (4, 6)
-1091 35 0
c (4, 0, 2) => (4, 2)
-1091 36 0
c (4, 0, 2) => (4, 3)
-1091 37 0
c (4, 0, 2) => (4, 4)
-1091 38 0
c (4, 0, 2) => (4, 5)
-1091 39 0
c (4, 0, 2) => (4, 6)
-1091 -40 0
c (4, 0, 2) =>  not (4, 7)
-1092 36 0
c (4, 0, 3) => (4, 3)
-1092 37 0
c (4, 0, 3) => (4, 4)
-1092 38 0
c (4, 0, 3) => (4, 5)
-1092 39 0
c (4, 0, 3) => (4, 6)
-1092 40 0
c (4, 0, 3) => (4, 7)
1345 1346 1347 1348 0
c (5, 0, 0) or (5, 0, 1) or (5, 0, 2) or (5, 0, 3)
-1346 -1345 0
c (5, 0, 1) => not (5, 0, 0)
-1347 -1345 0
c (5, 0, 2) => not (5, 0, 0)
-1347 -1346 0
c (5, 0, 2) => not (5, 0, 1)
-1348 -1345 0
c (5, 0, 3) => not (5, 0, 0)
-1348 -1346 0
c (5, 0, 3) => not (5, 0, 1)
-1348 -1347 0
c (5, 0, 3) => not (5, 0, 2)
-1345 -1361 0
c (5, 0, 0) => not (5, 1, 0)
-1345 -1362 0
c (5, 0, 0) => not (5, 1, 1)
-1345 -1363 0
c (5, 0, 0) => not (5, 1, 2)
-1346 -1362 0
c (5, 0, 1) => not (5, 1, 1)
-1346 -1363 0
c (5, 0, 1) => not (5, 1, 2)
-1346 -1364 0
c (5, 0, 1) => not (5, 1, 3)
-1347 -1363 0
c (5, 0, 2) => not (5, 1, 2)
-1347 -1364 0
c (5, 0, 2) => not (5, 1, 3)
-1347 -1365 0
c (5, 0, 2) => not (5, 1, 4)
-1348 -1364 0
c (5, 0, 3) => not (5, 1, 3)
-1348 -1365 0
c (5, 0, 3) => not (5, 1, 4)
-1348 -1366 0
c (5, 0, 3) => not (5, 1, 5)
-1345 41 0
c (5, 0, 0) => (5, 0)
-1345 42 0
c (5, 0, 0) => (5, 1)
-1345 -43 0
c (5, 0, 0) =>  not (5, 2)
-1346 42 0
c (5, 0, 1) => (5, 1)
-1346 43 0
c (5, 0, 1) => (5, 2)
-1346 -44 0
c (5, 0, 1) =>  not (5, 3)
-1347 43 0
c (5, 0, 2) => (5, 2)
-1347 44 0
c (5, 0, 2) => (5, 3)
-1347 -45 0
c (5, 0, 2) =>  not (5, 4)
-1348 44 0
c (5, 0, 3) => (5, 3)
-1348 45 0
c (5, 0, 3) => (5, 4)
-1348 -46 0
c (5, 0, 3) =>  not (5, 5)
1364 1365 1366 1367 0
c (5, 1, 3) or (5, 1, 4) or (5, 1, 5) or (5, 1, 6)
-1365 -1364 0
c (5, 1, 4) => not (5, 1, 3)
-1366 -1364 0
c (5, 1, 5) => not (5, 1, 3)
-1366 -1365 0
c (5, 1, 5) => not (5, 1, 4)
-1367 -1364 0
c (5, 1, 6) => not (5, 1, 3)
-1367 -1365 0
c (5, 1, 6) => not (5, 1, 4)
-1367 -1366 0
c (5, 1, 6) => not (5, 1, 5)
-1364 44 0
c (5, 1, 3) => (5, 3)
-1364 45 0
c (5, 1, 3) => (5, 4)
-1364 -46 0
c (5, 1, 3) =>  not (5, 5)
-1365 45 0
c (5, 1, 4) => (5, 4)
-1365 46 0
c (5, 1, 4) => (5, 5)
-1365 -47 0
c (5, 1, 4) =>  not (5, 6)
-1366 46 0
c (5, 1, 5) => (5, 5)
-1366 47 0
c (5, 1, 5) => (5, 6)
-1366 -48 0
c (5, 1, 5) =>  not (5, 7)
-1367 47 0
c (5, 1, 6) => (5, 6)
-1367 48 0
c (5, 1, 6) => (5, 7)
1601 1602 1603 0
c (6, 0, 0) or (6, 0, 1) or (6, 0, 2)
-1602 -1601 0
c (6, 0, 1) => not (6, 0, 0)
-1603 -1601 0
c (6, 0, 2) => not (6, 0, 0)
-1603 -1602 0
c (6, 0, 2) => not (6, 0, 1)
-1601 -1617 0
c (6, 0, 0) => not (6, 1, 0)
-1601 -1618 0
c (6, 0, 0) => not (6, 1, 1)
-1601 -1619 0
c (6, 0, 0) => not (6, 1, 2)
-1602 -1618 0
c (6, 0, 1) => not (6, 1, 1)
-1602 -1619 0
c (6, 0, 1) => not (6, 1, 2)
-1602 -1620 0
c (6, 0, 1) => not (6, 1, 3)
-1603 -1619 0
c (6, 0, 2) => not (6, 1, 2)
-1603 -1620 0
c (6, 0, 2) => not (6, 1, 3)
-1603 -1621 0
c (6, 0, 2) => not (6, 1, 4)
-1601 49 0
c (6, 0, 0) => (6, 0)
-1601 50 0
c (6, 0, 0) => (6, 1)
-1601 -51 0
c (6, 0, 0) =>  not (6, 2)
-1602 50 0
c (6, 0, 1) => (6, 1)
-1602 51 0
c (6, 0, 1) => (6, 2)
-1602 -52 0
c (6, 0, 1) =>  not (6, 3)
-1603 51 0
c (6, 0, 2) => (6, 2)
-1603 52 0
c (6, 0, 2) => (6, 3)
-1603 -53 0
c (6, 0, 2) =>  not (6, 4)
1620 1621 1622 0
c (6, 1, 3) or (6, 1, 4) or (6, 1, 5)
-1621 -1620 0
c (6, 1, 4) => not (6, 1, 3)
-1622 -1620 0
c (6, 1, 5) => not (6, 1, 3)
-1622 -1621 0
c (6, 1, 5) => not (6, 1, 4)
-1620 -1636 0
c (6, 1, 3) => not (6, 2, 3)
-1620 -1637 0
c (6, 1, 3) => not (6, 2, 4)
-1621 -1637 0
c (6, 1, 4) => not (6, 2, 4)
-1621 -1638 0
c (6, 1, 4) => not (6, 2, 5)
-1622 -1638 0
c (6, 1, 5) => not (6, 2, 5)
-1622 -1639 0
c (6, 1, 5) => not (6, 2, 6)
-1620 52 0
c (6, 1, 3) => (6, 3)
-1620 -53 0
c (6, 1, 3) =>  not (6, 4)
-1621 53 0
c (6, 1, 4) => (6, 4)
-1621 -54 0
c (6, 1, 4) =>  not (6, 5)
-1622 54 0
c (6, 1, 5) => (6, 5)
-1622 -55 0
c (6, 1, 5) =>  not (6, 6)
1638 1639 1640 0
c (6, 2, 5) or (6, 2, 6) or (6, 2, 7)
-1639 -1638 0
c (6, 2, 6) => not (6, 2, 5)
-1640 -1638 0
c (6, 2, 7) => not (6, 2, 5)
-1640 -1639 0
c (6, 2, 7) => not (6, 2, 6)
-1638 54 0
c (6, 2, 5) => (6, 5)
-1638 -55 0
c (6, 2, 5) =>  not (6, 6)
-1639 55 0
c (6, 2, 6) => (6, 6)
-1639 -56 0
c (6, 2, 6) =>  not (6, 7)
-1640 56 0
c (6, 2, 7) => (6, 7)
1857 1858 1859 1860 1861 1862 0
c (7, 0, 0) or (7, 0, 1) or (7, 0, 2) or (7, 0, 3) or (7, 0, 4) or (7, 0, 5)
-1858 -1857 0
c (7, 0, 1) => not (7, 0, 0)
-1859 -1857 0
c (7, 0, 2) => not (7, 0, 0)
-1859 -1858 0
c (7, 0, 2) => not (7, 0, 1)
-1860 -1857 0
c (7, 0, 3) => not (7, 0, 0)
-1860 -1858 0
c (7, 0, 3) => not (7, 0, 1)
-1860 -1859 0
c (7, 0, 3) => not (7, 0, 2)
-1861 -1857 0
c (7, 0, 4) => not (7, 0, 0)
-1861 -1858 0
c (7, 0, 4) => not (7, 0, 1)
-1861 -1859 0
c (7, 0, 4) => not (7, 0, 2)
-1861 -1860 0
c (7, 0, 4) => not (7, 0, 3)
-1862 -1857 0
c (7, 0, 5) => not (7, 0, 0)
-1862 -1858 0
c (7, 0, 5) => not (7, 0, 1)
-1862 -1859 0
c (7, 0, 5) => not (7, 0, 2)
-1862 -1860 0
c (7, 0, 5) => not (7, 0, 3)
-1862 -1861 0
c (7, 0, 5) => not (7, 0, 4)
-1857 -1873 0
c (7, 0, 0) => not (7, 1, 0)
-1857 -1874 0
c (7, 0, 0) => not (7, 1, 1)
-1858 -1874 0
c (7, 0, 1) => not (7, 1, 1)
-1858 -1875 0
c (7, 0, 1) => not (7, 1, 2)
-1859 -1875 0
c (7, 0, 2) => not (7, 1, 2)
-1859 -1876 0
c (7, 0, 2) => not (7, 1, 3)
-1860 -1876 0
c (7, 0, 3) => not (7, 1, 3)
-1860 -1877 0
c (7, 0, 3) => not (7, 1, 4)
-1861 -1877 0
c (7, 0, 4) => not (7, 1, 4)
-1861 -1878 0
c (7, 0, 4) => not (7, 1, 5)
-1862 -1878 0
c (7, 0, 5) => not (7, 1, 5)
-1862 -1879 0
c (7, 0, 5) => not (7, 1, 6)
-1857 57 0
c (7, 0, 0) => (7, 0)
-1857 -58 0
c (7, 0, 0) =>  not (7, 1)
-1858 58 0
c (7, 0, 1) => (7, 1)
-1858 -59 0
c (7, 0, 1) =>  not (7, 2)
-1859 59 0
c (7, 0, 2) => (7, 2)
-1859 -60 0
c (7, 0, 2) =>  not (7, 3)
-1860 60 0
c (7, 0, 3) => (7, 3)
-1860 -61 0
c (7, 0, 3) =>  not (7, 4)
-1861 61 0
c (7, 0, 4) => (7, 4)
-1861 -62 0
c (7, 0, 4) =>  not (7, 5)
-1862 62 0
c (7, 0, 5) => (7, 5)
-1862 -63 0
c (7, 0, 5) =>  not (7, 6)
1875 1876 1877 1878 1879 1880 0
c (7, 1, 2) or (7, 1, 3) or (7, 1, 4) or (7, 1, 5) or (7, 1, 6) or (7, 1, 7)
-1876 -1875 0
c (7, 1, 3) => not (7, 1, 2)
-1877 -1875 0
c (7, 1, 4) => not (7, 1, 2)
-1877 -1876 0
c (7, 1, 4) => not (7, 1, 3)
-1878 -1875 0
c (7, 1, 5) => not (7, 1, 2)
-1878 -1876 0
c (7, 1, 5) => not (7, 1, 3)
-1878 -1877 0
c (7, 1, 5) => not (7, 1, 4)
-1879 -1875 0
c (7, 1, 6) => not (7, 1, 2)
-1879 -1876 0
c (7, 1, 6) => not (7, 1, 3)
-1879 -1877 0
c (7, 1, 6) => not (7, 1, 4)
-1879 -1878 0
c (7, 1, 6) => not (7, 1, 5)
-1880 -1875 0
c (7, 1, 7) => not (7, 1, 2)
-1880 -1876 0
c (7, 1, 7) => not (7, 1, 3)
-1880 -1877 0
c (7, 1, 7) => not (7, 1, 4)
-1880 -1878 0
c (7, 1, 7) => not (7, 1, 5)
-1880 -1879 0
c (7, 1, 7) => not (7, 1, 6)
-1875 59 0
c (7, 1, 2) => (7, 2)
-1875 -60 0
c (7, 1, 2) =>  not (7, 3)
-1876 60 0
c (7, 1, 3) => (7, 3)
-1876 -61 0
c (7, 1, 3) =>  not (7, 4)
-1877 61 0
c (7, 1, 4) => (7, 4)
-1877 -62 0
c (7, 1, 4) =>  not (7, 5)
-1878 62 0
c (7, 1, 5) => (7, 5)
-1878 -63 0
c (7, 1, 5) =>  not (7, 6)
-1879 63 0
c (7, 1, 6) => (7, 6)
-1879 -64 0
c (7, 1, 6) =>  not (7, 7)
-1880 64 0
c (7, 1, 7) => (7, 7)
2113 2114 2115 2116 2117 2118 0
c (8, 0, 0) or (8, 0, 1) or (8, 0, 2) or (8, 0, 3) or (8, 0, 4) or (8, 0, 5)
-2114 -2113 0
c (8, 0, 1) => not (8, 0, 0)
-2115 -2113 0
c (8, 0, 2) => not (8, 0, 0)
-2115 -2114 0
c (8, 0, 2) => not (8, 0, 1)
-2116 -2113 0
c (8, 0, 3) => not (8, 0, 0)
-2116 -2114 0
c (8, 0, 3) => not (8, 0, 1)
-2116 -2115 0
c (8, 0, 3) => not (8, 0, 2)
-2117 -2113 0
c (8, 0, 4) => not (8, 0, 0)
-2117 -2114 0
c (8, 0, 4) => not (8, 0, 1)
-2117 -2115 0
c (8, 0, 4) => not (8, 0, 2)
-2117 -2116 0
c (8, 0, 4) => not (8, 0, 3)
-2118 -2113 0
c (8, 0, 5) => not (8, 0, 0)
-2118 -2114 0
c (8, 0, 5) => not (8, 0, 1)
-2118 -2115 0
c (8, 0, 5) => not (8, 0, 2)
-2118 -2116 0
c (8, 0, 5) => not (8, 0, 3)
-2118 -2117 0
c (8, 0, 5) => not (8, 0, 4)
-2113 -2129 0
c (8, 0, 0) => not (8, 1, 0)
-2113 -2130 0
c (8, 0, 0) => not (8, 1, 1)
-2114 -2130 0
c (8, 0, 1) => not (8, 1, 1)
-2114 -2131 0
c (8, 0, 1) => not (8, 1, 2)
-2115 -2131 0
c (8, 0, 2) => not (8, 1, 2)
-2115 -2132 0
c (8, 0, 2) => not (8, 1, 3)
-2116 -2132 0
c (8, 0, 3) => not (8, 1, 3)
-2116 -2133 0
c (8, 0, 3) => not (8, 1, 4)
-2117 -2133 0
c (8, 0, 4) => not (8, 1, 4)
-2117 -2134 0
c (8, 0, 4) => not (8, 1, 5)
-2118 -2134 0
c (8, 0, 5) => not (8, 1, 5)
-2118 -2135 0
c (8, 0, 5) => not (8, 1, 6)
-2113 1 0
c (8, 0, 0) => (0, 0)
-2113 -9 0
c (8, 0, 0) =>  not (1, 0)
-2114 9 0
c (8, 0, 1) => (1, 0)
-2114 -17 0
c (8, 0, 1) =>  not (2, 0)
-2115 17 0
c (8, 0, 2) => (2, 0)
-2115 -25 0
c (8, 0, 2) =>  not (3, 0)
-2116 25 0
c (8, 0, 3) => (3, 0)
-2116 -33 0
c (8, 0, 3) =>  not (4, 0)
-2117 33 0
c (8, 0, 4) => (4, 0)
-2117 -41 0
c (8, 0, 4) =>  not (5, 0)
-2118 41 0
c (8, 0, 5) => (5, 0)
-2118 -49 0
c (8, 0, 5) =>  not (6, 0)
2131 2132 2133 2134 2135 2136 0
c (8, 1, 2) or (8, 1, 3) or (8, 1, 4) or (8, 1, 5) or (8, 1, 6) or (8, 1, 7)
-2132 -2131 0
c (8, 1, 3) => not (8, 1, 2)
-2133 -2131 0
c (8, 1, 4) => not (8, 1, 2)
-2133 -2132 0
c (8, 1, 4) => not (8, 1, 3)
-2134 -2131 0
c (8, 1, 5) => not (8, 1, 2)
-2134 -2132 0
c (8, 1, 5) => not (8, 1, 3)
-2134 -2133 0
c (8, 1, 5) => not (8, 1, 4)
-2135 -2131 0
c (8, 1, 6) => not (8, 1, 2)
-2135 -2132 0
c (8, 1, 6) => not (8, 1, 3)
-2135 -2133 0
c (8, 1, 6) => not (8, 1, 4)
-2135 -2134 0
c (8, 1, 6) => not (8, 1, 5)
-2136 -2131 0
c (8, 1, 7) => not (8, 1, 2)
-2136 -2132 0
c (8, 1, 7) => not (8, 1, 3)
-2136 -2133 0
c (8, 1, 7) => not (8, 1, 4)
-2136 -2134 0
c (8, 1, 7) => not (8, 1, 5)
-2136 -2135 0
c (8, 1, 7) => not (8, 1, 6)
-2131 17 0
c (8, 1, 2) => (2, 0)
-2131 -25 0
c (8, 1, 2) =>  not (3, 0)
-2132 25 0
c (8, 1, 3) => (3, 0)
-2132 -33 0
c (8, 1, 3) =>  not (4, 0)
-2133 33 0
c (8, 1, 4) => (4, 0)
-2133 -41 0
c (8, 1, 4) =>  not (5, 0)
-2134 41 0
c (8, 1, 5) => (5, 0)
-2134 -49 0
c (8, 1, 5) =>  not (6, 0)
-2135 49 0
c (8, 1, 6) => (6, 0)
-2135 -57 0
c (8, 1, 6) =>  not (7, 0)
-2136 57 0
c (8, 1, 7) => (7, 0)
2369 2370 2371 2372 0
c (9, 0, 0) or (9, 0, 1) or (9, 0, 2) or (9, 0, 3)
-2370 -2369 0
c (9, 0, 1) => not (9, 0, 0)
-2371 -2369 0
c (9, 0, 2) => not (9, 0, 0)
-2371 -2370 0
c (9, 0, 2) => not (9, 0, 1)
-2372 -2369 0
c (9, 0, 3) => not (9, 0, 0)
-2372 -2370 0
c (9, 0, 3) => not (9, 0, 1)
-2372 -2371 0
c (9, 0, 3) => not (9, 0, 2)
-2369 2 0
c (9, 0, 0) => (0, 1)
-2369 10 0
c (9, 0, 0) => (1, 1)
-2369 18 0
c (9, 0, 0) => (2, 1)
-2369 26 0
c (9, 0, 0) => (3, 1)
-2369 34 0
c (9, 0, 0) => (4, 1)
-2369 -42 0
c (9, 0, 0) =>  not (5, 1)
-2370 10 0
c (9, 0, 1) => (1, 1)
-2370 18 0
c (9, 0, 1) => (2, 1)
-2370 26 0
c (9, 0, 1) => (3, 1)
-2370 34 0
c (9, 0, 1) => (4, 1)
-2370 42 0
c (9, 0, 1) => (5, 1)
-2370 -50 0
c (9, 0, 1) =>  not (6, 1)
-2371 18 0
c (9, 0, 2) => (2, 1)
-2371 26 0
c (9, 0, 2) => (3, 1)
-2371 34 0
c (9, 0, 2) => (4, 1)
-2371 42 0
c (9, 0, 2) => (5, 1)
-2371 50 0
c (9, 0, 2) => (6, 1)
-2371 -58 0
c (9, 0, 2) =>  not (7, 1)
-2372 26 0
c (9, 0, 3) => (3, 1)
-2372 34 0
c (9, 0, 3) => (4, 1)
-2372 42 0
c (9, 0, 3) => (5, 1)
-2372 50 0
c (9, 0, 3) => (6, 1)
-2372 58 0
c (9, 0, 3) => (7, 1)
2625 2626 2627 2628 2629 2630 0
c (10, 0, 0) or (10, 0, 1) or (10, 0, 2) or (10, 0, 3) or (10, 0, 4) or (10, 0, 5)
-2626 -2625 0
c (10, 0, 1) => not (10, 0, 0)
-2627 -2625 0
c (10, 0, 2) => not (10, 0, 0)
-2627 -2626 0
c (10, 0, 2) => not (10, 0, 1)
-2628 -2625 0
c (10, 0, 3) => not (10, 0, 0)
-2628 -2626 0
c (10, 0, 3) => not (10, 0, 1)
-2628 -2627 0
c (10, 0, 3) => not (10, 0, 2)
-2629 -2625 0
c (10, 0, 4) => not (10, 0, 0)
-2629 -2626 0
c (10, 0, 4) => not (10, 0, 1)
-2629 -2627 0
c (10, 0, 4) => not (10, 0, 2)
-2629 -2628 0
c (10, 0, 4) => not (10, 0, 3)
-2630 -2625 0
c (10, 0, 5) => not (10, 0, 0)
-2630 -2626 0
c (10, 0, 5) => not (10, 0, 1)
-2630 -2627 0
c (10, 0, 5) => not (10, 0, 2)
-2630 -2628 0
c (10, 0, 5) => not (10, 0, 3)
-2630 -2629 0
c (10, 0, 5) => not (10, 0, 4)
-2625 3 0
c (10, 0, 0) => (0, 2)
-2625 11 0
c (10, 0, 0) => (1, 2)
-2625 19 0
c (10, 0, 0) => (2, 2)
-2625 -27 0
c (10, 0, 0) =>  not (3, 2)
-2626 11 0
c (10, 0, 1) => (1, 2)
-2626 19 0
c (10, 0, 1) => (2, 2)
-2626 27 0
c (10, 0, 1) => (3, 2)
-2626 -35 0
c (10, 0, 1) =>  not (4, 2)
-2627 19 0
c (10, 0, 2) => (2, 2)
-2627 27 0
c (10, 0, 2) => (3, 2)
-2627 35 0
c (10, 0, 2) => (4, 2)
-2627 -43 0
c (10, 0, 2) =>  not (5, 2)
-2628 27 0
c (10, 0, 3) => (3, 2)
-2628 35 0
c (10, 0, 3) => (4, 2)
-2628 43 0
c (10, 0, 3) => (5, 2)
-2628 -51 0
c (10, 0, 3) =>  not (6, 2)
-2629 35 0
c (10, 0, 4) => (4, 2)
-2629 43 0
c (10, 0, 4) => (5, 2)
-2629 51 0
c (10, 0, 4) => (6, 2)
-2629 -59 0
c (10, 0, 4) =>  not (7, 2)
-2630 43 0
c (10, 0, 5) => (5, 2)
-2630 51 0
c (10, 0, 5) => (6, 2)
-2630 59 0
c (10, 0, 5) => (7, 2)
2881 2882 2883 2884 2885 2886 2887 0
c (11, 0, 0) or (11, 0, 1) or (11, 0, 2) or (11, 0, 3) or (11, 0, 4) or (11, 0, 5) or (11, 0, 6)
-2882 -2881 0
c (11, 0, 1) => not (11, 0, 0)
-2883 -2881 0
c (11, 0, 2) => not (11, 0, 0)
-2883 -2882 0
c (11, 0, 2) => not (11, 0, 1)
-2884 -2881 0
c (11, 0, 3) => not (11, 0, 0)
-2884 -2882 0
c (11, 0, 3) => not (11, 0, 1)
-2884 -2883 0
c (11, 0, 3) => not (11, 0, 2)
-2885 -2881 0
c (11, 0, 4) => not (11, 0, 0)
-2885 -2882 0
c (11, 0, 4) => not (11, 0, 1)
-2885 -2883 0
c (11, 0, 4) => not (11, 0, 2)
-2885 -2884 0
c (11, 0, 4) => not (11, 0, 3)
-2886 -2881 0
c (11, 0, 5) => not (11, 0, 0)
-2886 -2882 0
c (11, 0, 5) => not (11, 0, 1)
-2886 -2883 0
c (11, 0, 5) => not (11, 0, 2)
-2886 -2884 0
c (11, 0, 5) => not (11, 0, 3)
-2886 -2885 0
c (11, 0, 5) => not (11, 0, 4)
-2887 -2881 0
c (11, 0, 6) => not (11, 0, 0)
-2887 -2882 0
c (11, 0, 6) => not (11, 0, 1)
-2887 -2883 0
c (11, 0, 6) => not (11, 0, 2)
-2887 -2884 0
c (11, 0, 6) => not (11, 0, 3)
-2887 -2885 0
c (11, 0, 6) => not (11, 0, 4)
-2887 -2886 0
c (11, 0, 6) => not (11, 0, 5)
-2881 4 0
c (11, 0, 0) => (0, 3)
-2881 12 0
c (11, 0, 0) => (1, 3)
-2881 -20 0
c (11, 0, 0) =>  not (2, 3)
-2882 12 0
c (11, 0, 1) => (1, 3)
-2882 20 0
c (11, 0, 1) => (2, 3)
-2882 -28 0
c (11, 0, 1) =>  not (3, 3)
-2883 20 0
c (11, 0, 2) => (2, 3)
-2883 28 0
c (11, 0, 2) => (3, 3)
-2883 -36 0
c (11, 0, 2) =>  not (4, 3)
-2884 28 0
c (11, 0, 3) => (3, 3)
-2884 36 0
c (11, 0, 3) => (4, 3)
-2884 -44 0
c (11, 0, 3) =>  not (5, 3)
-2885 36 0
c (11, 0, 4) => (4, 3)
-2885 44 0
c (11, 0, 4) => (5, 3)
-2885 -52 0
c (11, 0, 4) =>  not (6, 3)
-2886 44 0
c (11, 0, 5) => (5, 3)
-2886 52 0
c (11, 0, 5) => (6, 3)
-2886 -60 0
c (11, 0, 5) =>  not (7, 3)
-2887 52 0
c (11, 0, 6) => (6, 3)
-2887 60 0
c (11, 0, 6) => (7, 3)
3137 3138 3139 3140 3141 3142 3143 0
c (12, 0, 0) or (12, 0, 1) or (12, 0, 2) or (12, 0, 3) or (12, 0, 4) or (12, 0, 5) or (12, 0, 6)
-3138 -3137 0
c (12, 0, 1) => not (12, 0, 0)
-3139 -3137 0
c (12, 0, 2) => not (12, 0, 0)
-3139 -3138 0
c (12, 0, 2) => not (12, 0, 1)
-3140 -3137 0
c (12, 0, 3) => not (12, 0, 0)
-3140 -3138 0
c (12, 0, 3) => not (12, 0, 1)
-3140 -3139 0
c (12, 0, 3) => not (12, 0, 2)
-3141 -3137 0
c (12, 0, 4) => not (12, 0, 0)
-3141 -3138 0
c (12, 0, 4) => not (12, 0, 1)
-3141 -3139 0
c (12, 0, 4) => not (12, 0, 2)
-3141 -3140 0
c (12, 0, 4) => not (12, 0, 3)
-3142 -3137 0
c (12, 0, 5) => not (12, 0, 0)
-3142 -3138 0
c (12, 0, 5) => not (12, 0, 1)
-3142 -3139 0
c (12, 0, 5) => not (12, 0, 2)
-3142 -3140 0
c (12, 0, 5) => not (12, 0, 3)
-3142 -3141 0
c (12, 0, 5) => not (12, 0, 4)
-3143 -3137 0
c (12, 0, 6) => not (12, 0, 0)
-3143 -3138 0
c (12, 0, 6) => not (12, 0, 1)
-3143 -3139 0
c (12, 0, 6) => not (12, 0, 2)
-3143 -3140 0
c (12, 0, 6) => not (12, 0, 3)
-3143 -3141 0
c (12, 0, 6) => not (12, 0, 4)
-3143 -3142 0
c (12, 0, 6) => not (12, 0, 5)
-3137 5 0
c (12, 0, 0) => (0, 4)
-3137 13 0
c (12, 0, 0) => (1, 4)
-3137 -21 0
c (12, 0, 0) =>  not (2, 4)
-3138 13 0
c (12, 0, 1) => (1, 4)
-3138 21 0
c (12, 0, 1) => (2, 4)
-3138 -29 0
c (12, 0, 1) =>  not (3, 4)
-3139 21 0
c (12, 0, 2) => (2, 4)
-3139 29 0
c (12, 0, 2) => (3, 4)
-3139 -37 0
c (12, 0, 2) =>  not (4, 4)
-3140 29 0
c (12, 0, 3) => (3, 4)
-3140 37 0
c (12, 0, 3) => (4, 4)
-3140 -45 0
c (12, 0, 3) =>  not (5, 4)
-3141 37 0
c (12, 0, 4) => (4, 4)
-3141 45 0
c (12, 0, 4) => (5, 4)
-3141 -53 0
c (12, 0, 4) =>  not (6, 4)
-3142 45 0
c (12, 0, 5) => (5, 4)
-3142 53 0
c (12, 0, 5) => (6, 4)
-3142 -61 0
c (12, 0, 5) =>  not (7, 4)
-3143 53 0
c (12, 0, 6) => (6, 4)
-3143 61 0
c (12, 0, 6) => (7, 4)
3393 0
c (13, 0, 0)
-3393 6 0
c (13, 0, 0) => (0, 5)
-3393 14 0
c (13, 0, 0) => (1, 5)
-3393 22 0
c (13, 0, 0) => (2, 5)
-3393 30 0
c (13, 0, 0) => (3, 5)
-3393 38 0
c (13, 0, 0) => (4, 5)
-3393 46 0
c (13, 0, 0) => (5, 5)
-3393 54 0
c (13, 0, 0) => (6, 5)
-3393 62 0
c (13, 0, 0) => (7, 5)
3649 3650 3651 3652 3653 0
c (14, 0, 0) or (14, 0, 1) or (14, 0, 2) or (14, 0, 3) or (14, 0, 4)
-3650 -3649 0
c (14, 0, 1) => not (14, 0, 0)
-3651 -3649 0
c (14, 0, 2) => not (14, 0, 0)
-3651 -3650 0
c (14, 0, 2) => not (14, 0, 1)
-3652 -3649 0
c (14, 0, 3) => not (14, 0, 0)
-3652 -3650 0
c (14, 0, 3) => not (14, 0, 1)
-3652 -3651 0
c (14, 0, 3) => not (14, 0, 2)
-3653 -3649 0
c (14, 0, 4) => not (14, 0, 0)
-3653 -3650 0
c (14, 0, 4) => not (14, 0, 1)
-3653 -3651 0
c (14, 0, 4) => not (14, 0, 2)
-3653 -3652 0
c (14, 0, 4) => not (14, 0, 3)
-3649 -3665 0
c (14, 0, 0) => not (14, 1, 0)
-3649 -3666 0
c (14, 0, 0) => not (14, 1, 1)
-3649 -3667 0
c (14, 0, 0) => not (14, 1, 2)
-3650 -3666 0
c (14, 0, 1) => not (14, 1, 1)
-3650 -3667 0
c (14, 0, 1) => not (14, 1, 2)
-3650 -3668 0
c (14, 0, 1) => not (14, 1, 3)
-3651 -3667 0
c (14, 0, 2) => not (14, 1, 2)
-3651 -3668 0
c (14, 0, 2) => not (14, 1, 3)
-3651 -3669 0
c (14, 0, 2) => not (14, 1, 4)
-3652 -3668 0
c (14, 0, 3) => not (14, 1, 3)
-3652 -3669 0
c (14, 0, 3) => not (14, 1, 4)
-3652 -3670 0
c (14, 0, 3) => not (14, 1, 5)
-3653 -3669 0
c (14, 0, 4) => not (14, 1, 4)
-3653 -3670 0
c (14, 0, 4) => not (14, 1, 5)
-3653 -3671 0
c (14, 0, 4) => not (14, 1, 6)
-3649 7 0
c (14, 0, 0) => (0, 6)
-3649 15 0
c (14, 0, 0) => (1, 6)
-3649 -23 0
c (14, 0, 0) =>  not (2, 6)
-3650 15 0
c (14, 0, 1) => (1, 6)
-3650 23 0
c (14, 0, 1) => (2, 6)
-3650 -31 0
c (14, 0, 1) =>  not (3, 6)
-3651 23 0
c (14, 0, 2) => (2, 6)
-3651 31 0
c (14, 0, 2) => (3, 6)
-3651 -39 0
c (14, 0, 2) =>  not (4, 6)
-3652 31 0
c (14, 0, 3) => (3, 6)
-3652 39 0
c (14, 0, 3) => (4, 6)
-3652 -47 0
c (14, 0, 3) =>  not (5, 6)
-3653 39 0
c (14, 0, 4) => (4, 6)
-3653 47 0
c (14, 0, 4) => (5, 6)
-3653 -55 0
c (14, 0, 4) =>  not (6, 6)
3668 3669 3670 3671 3672 0
c (14, 1, 3) or (14, 1, 4) or (14, 1, 5) or (14, 1, 6) or (14, 1, 7)
-3669 -3668 0
c (14, 1, 4) => not (14, 1, 3)
-3670 -3668 0
c (14, 1, 5) => not (14, 1, 3)
-3670 -3669 0
c (14, 1, 5) => not (14, 1, 4)
-3671 -3668 0
c (14, 1, 6) => not (14, 1, 3)
-3671 -3669 0
c (14, 1, 6) => not (14, 1, 4)
-3671 -3670 0
c (14, 1, 6) => not (14, 1, 5)
-3672 -3668 0
c (14, 1, 7) => not (14, 1, 3)
-3672 -3669 0
c (14, 1, 7) => not (14, 1, 4)
-3672 -3670 0
c (14, 1, 7) => not (14, 1, 5)
-3672 -3671 0
c (14, 1, 7) => not (14, 1, 6)
-3668 31 0
c (14, 1, 3) => (3, 6)
-3668 -39 0
c (14, 1, 3) =>  not (4, 6)
-3669 39 0
c (14, 1, 4) => (4, 6)
-3669 -47 0
c (14, 1, 4) =>  not (5, 6)
-3670 47 0
c (14, 1, 5) => (5, 6)
-3670 -55 0
c (14, 1, 5) =>  not (6, 6)
-3671 55 0
c (14, 1, 6) => (6, 6)
-3671 -63 0
c (14, 1, 6) =>  not (7, 6)
-3672 63 0
c (14, 1, 7) => (7, 6)
3905 3906 3907 3908 3909 3910 0
c (15, 0, 0) or (15, 0, 1) or (15, 0, 2) or (15, 0, 3) or (15, 0, 4) or (15, 0, 5)
-3906 -3905 0
c (15, 0, 1) => not (15, 0, 0)
-3907 -3905 0
c (15, 0, 2) => not (15, 0, 0)
-3907 -3906 0
c (15, 0, 2) => not (15, 0, 1)
-3908 -3905 0
c (15, 0, 3) => not (15, 0, 0)
-3908 -3906 0
c (15, 0, 3) => not (15, 0, 1)
-3908 -3907 0
c (15, 0, 3) => not (15, 0, 2)
-3909 -3905 0
c (15, 0, 4) => not (15, 0, 0)
-3909 -3906 0
c (15, 0, 4) => not (15, 0, 1)
-3909 -3907 0
c (15, 0, 4) => not (15, 0, 2)
-3909 -3908 0
c (15, 0, 4) => not (15, 0, 3)
-3910 -3905 0
c (15, 0, 5) => not (15, 0, 0)
-3910 -3906 0
c (15, 0, 5) => not (15, 0, 1)
-3910 -3907 0
c (15, 0, 5) => not (15, 0, 2)
-3910 -3908 0
c (15, 0, 5) => not (15, 0, 3)
-3910 -3909 0
c (15, 0, 5) => not (15, 0, 4)
-3905 -3921 0
c (15, 0, 0) => not (15, 1, 0)
-3905 -3922 0
c (15, 0, 0) => not (15, 1, 1)
-3906 -3922 0
c (15, 0, 1) => not (15, 1, 1)
-3906 -3923 0
c (15, 0, 1) => not (15, 1, 2)
-3907 -3923 0
c (15, 0, 2) => not (15, 1, 2)
-3907 -3924 0
c (15, 0, 2) => not (15, 1, 3)
-3908 -3924 0
c (15, 0, 3) => not (15, 1, 3)
-3908 -3925 0
c (15, 0, 3) => not (15, 1, 4)
-3909 -3925 0
c (15, 0, 4) => not (15, 1, 4)
-3909 -3926 0
c (15, 0, 4) => not (15, 1, 5)
-3910 -3926 0
c (15, 0, 5) => not (15, 1, 5)
-3910 -3927 0
c (15, 0, 5) => not (15, 1, 6)
-3905 8 0
c (15, 0, 0) => (0, 7)
-3905 -16 0
c (15, 0, 0) =>  not (1, 7)
-3906 16 0
c (15, 0, 1) => (1, 7)
-3906 -24 0
c (15, 0, 1) =>  not (2, 7)
-3907 24 0
c (15, 0, 2) => (2, 7)
-3907 -32 0
c (15, 0, 2) =>  not (3, 7)
-3908 32 0
c (15, 0, 3) => (3, 7)
-3908 -40 0
c (15, 0, 3) =>  not (4, 7)
-3909 40 0
c (15, 0, 4) => (4, 7)
-3909 -48 0
c (15, 0, 4) =>  not (5, 7)
-3910 48 0
c (15, 0, 5) => (5, 7)
-3910 -56 0
c (15, 0, 5) =>  not (6, 7)
3923 3924 3925 3926 3927 3928 0
c (15, 1, 2) or (15, 1, 3) or (15, 1, 4) or (15, 1, 5) or (15, 1, 6) or (15, 1, 7)
-3924 -3923 0
c (15, 1, 3) => not (15, 1, 2)
-3925 -3923 0
c (15, 1, 4) => not (15, 1, 2)
-3925 -3924 0
c (15, 1, 4) => not (15, 1, 3)
-3926 -3923 0
c (15, 1, 5) => not (15, 1, 2)
-3926 -3924 0
c (15, 1, 5) => not (15, 1, 3)
-3926 -3925 0
c (15, 1, 5) => not (15, 1, 4)
-3927 -3923 0
c (15, 1, 6) => not (15, 1, 2)
-3927 -3924 0
c (15, 1, 6) => not (15, 1, 3)
-3927 -3925 0
c (15, 1, 6) => not (15, 1, 4)
-3927 -3926 0
c (15, 1, 6) => not (15, 1, 5)
-3928 -3923 0
c (15, 1, 7) => not (15, 1, 2)
-3928 -3924 0
c (15, 1, 7) => not (15, 1, 3)
-3928 -3925 0
c (15, 1, 7) => not (15, 1, 4)
-3928 -3926 0
c (15, 1, 7) => not (15, 1, 5)
-3928 -3927 0
c (15, 1, 7) => not (15, 1, 6)
-3923 24 0
c (15, 1, 2) => (2, 7)
-3923 -32 0
c (15, 1, 2) =>  not (3, 7)
-3924 32 0
c (15, 1, 3) => (3, 7)
-3924 -40 0
c (15, 1, 3) =>  not (4, 7)
-3925 40 0
c (15, 1, 4) => (4, 7)
-3925 -48 0
c (15, 1, 4) =>  not (5, 7)
-3926 48 0
c (15, 1, 5) => (5, 7)
-3926 -56 0
c (15, 1, 5) =>  not (6, 7)
-3927 56 0
c (15, 1, 6) => (6, 7)
-3927 -64 0
c (15, 1, 6) =>  not (7, 7)
-3928 64 0
c (15, 1, 7) => (7, 7)
-1 65 0
c (0, 0) => (0, 0, 0)
-1 2113 0
c (0, 0) => (8, 0, 0)
-2 66 0
c (0, 1) => (0, 0, 1)
-2 2369 0
c (0, 1) => (9, 0, 0)
-3 67 0
c (0, 2) => (0, 0, 2)
-3 2625 0
c (0, 2) => (10, 0, 0)
-4 68 0
c (0, 3) => (0, 0, 3)
-4 2881 0
c (0, 3) => (11, 0, 0)
-5 69 0
c (0, 4) => (0, 0, 4)
-5 3137 0
c (0, 4) => (12, 0, 0)
-6 70 0
c (0, 5) => (0, 0, 5)
-6 3393 0
c (0, 5) => (13, 0, 0)
-7 71 0
c (0, 6) => (0, 0, 6)
-7 3649 0
c (0, 6) => (14, 0, 0)
-8 72 0
c (0, 7) => (0, 0, 7)
-8 3905 0
c (0, 7) => (15, 0, 0)
-9 321 0
c (1, 0) => (1, 0, 0)
-9 2114 0
c (1, 0) => (8, 0, 1)
-10 322 321 0
c (1, 1) => (1, 0, 1) or (1, 0, 0)
-10 2370 2369 0
c (1, 1) => (9, 0, 1) or (9, 0, 0)
-11 323 322 0
c (1, 2) => (1, 0, 2) or (1, 0, 1)
-11 2626 2625 0
c (1, 2) => (10, 0, 1) or (10, 0, 0)
-12 324 323 0
c (1, 3) => (1, 0, 3) or (1, 0, 2)
-12 2882 2881 0
c (1, 3) => (11, 0, 1) or (11, 0, 0)
-13 325 324 0
c (1, 4) => (1, 0, 4) or (1, 0, 3)
-13 3138 3137 0
c (1, 4) => (12, 0, 1) or (12, 0, 0)
-14 326 325 0
c (1, 5) => (1, 0, 5) or (1, 0, 4)
-14 3393 0
c (1, 5) => (13, 0, 0)
-15 327 326 0
c (1, 6) => (1, 0, 6) or (1, 0, 5)
-15 3650 3649 0
c (1, 6) => (14, 0, 1) or (14, 0, 0)
-16 327 0
c (1, 7) => (1, 0, 6)
-16 3906 0
c (1, 7) => (15, 0, 1)
-17 577 0
c (2, 0) => (2, 0, 0)
-17 2115 2131 0
c (2, 0) => (8, 0, 2) or (8, 1, 2)
-18 578 0
c (2, 1) => (2, 0, 1)
-18 2371 2370 2369 0
c (2, 1) => (9, 0, 2) or (9, 0, 1) or (9, 0, 0)
-19 579 595 0
c (2, 2) => (2, 0, 2) or (2, 1, 2)
-19 2627 2626 2625 0
c (2, 2) => (10, 0, 2) or (10, 0, 1) or (10, 0, 0)
-20 580 596 595 0
c (2, 3) => (2, 0, 3) or (2, 1, 3) or (2, 1, 2)
-20 2883 2882 0
c (2, 3) => (11, 0, 2) or (11, 0, 1)
-21 597 596 595 0
c (2, 4) => (2, 1, 4) or (2, 1, 3) or (2, 1, 2)
-21 3139 3138 0
c (2, 4) => (12, 0, 2) or (12, 0, 1)
-22 598 597 596 0
c (2, 5) => (2, 1, 5) or (2, 1, 4) or (2, 1, 3)
-22 3393 0
c (2, 5) => (13, 0, 0)
-23 598 597 0
c (2, 6) => (2, 1, 5) or (2, 1, 4)
-23 3651 3650 0
c (2, 6) => (14, 0, 2) or (14, 0, 1)
-24 598 0
c (2, 7) => (2, 1, 5)
-24 3907 3923 0
c (2, 7) => (15, 0, 2) or (15, 1, 2)
-25 833 0
c (3, 0) => (3, 0, 0)
-25 2116 2132 0
c (3, 0) => (8, 0, 3) or (8, 1, 3)
-26 834 833 0
c (3, 1) => (3, 0, 1) or (3, 0, 0)
-26 2372 2371 2370 2369 0
c (3, 1) => (9, 0, 3) or (9, 0, 2) or (9, 0, 1) or (9, 0, 0)
-27 835 834 833 0
c (3, 2) => (3, 0, 2) or (3, 0, 1) or (3, 0, 0)
-27 2628 2627 2626 0
c (3, 2) => (10, 0, 3) or (10, 0, 2) or (10, 0, 1)
-28 836 835 834 833 0
c (3, 3) => (3, 0, 3) or (3, 0, 2) or (3, 0, 1) or (3, 0, 0)
-28 2884 2883 0
c (3, 3) => (11, 0, 3) or (11, 0, 2)
-29 836 835 834 833 0
c (3, 4) => (3, 0, 3) or (3, 0, 2) or (3, 0, 1) or (3, 0, 0)
-29 3140 3139 0
c (3, 4) => (12, 0, 3) or (12, 0, 2)
-30 836 835 834 0
c (3, 5) => (3, 0, 3) or (3, 0, 2) or (3, 0, 1)
-30 3393 0
c (3, 5) => (13, 0, 0)
-31 836 835 0
c (3, 6) => (3, 0, 3) or (3, 0, 2)
-31 3652 3651 3668 0
c (3, 6) => (14, 0, 3) or (14, 0, 2) or (14, 1, 3)
-32 836 0
c (3, 7) => (3, 0, 3)
-32 3908 3924 0
c (3, 7) => (15, 0, 3) or (15, 1, 3)
-33 1089 0
c (4, 0) => (4, 0, 0)
-33 2117 2133 0
c (4, 0) => (8, 0, 4) or (8, 1, 4)
-34 1090 1089 0
c (4, 1) => (4, 0, 1) or (4, 0, 0)
-34 2372 2371 2370 2369 0
c (4, 1) => (9, 0, 3) or (9, 0, 2) or (9, 0, 1) or (9, 0, 0)
-35 1091 1090 1089 0
c (4, 2) => (4, 0, 2) or (4, 0, 1) or (4, 0, 0)
-35 2629 2628 2627 0
c (4, 2) => (10, 0, 4) or (10, 0, 3) or (10, 0, 2)
-36 1092 1091 1090 1089 0
c (4, 3) => (4, 0, 3) or (4, 0, 2) or (4, 0, 1) or (4, 0, 0)
-36 2885 2884 0
c (4, 3) => (11, 0, 4) or (11, 0, 3)
-37 1092 1091 1090 1089 0
c (4, 4) => (4, 0, 3) or (4, 0, 2) or (4, 0, 1) or (4, 0, 0)
-37 3141 3140 0
c (4, 4) => (12, 0, 4) or (12, 0, 3)
-38 1092 1091 1090 0
c (4, 5) => (4, 0, 3) or (4, 0, 2) or (4, 0, 1)
-38 3393 0
c (4, 5) => (13, 0, 0)
-39 1092 1091 0
c (4, 6) => (4, 0, 3) or (4, 0, 2)
-39 3653 3652 3669 0
c (4, 6) => (14, 0, 4) or (14, 0, 3) or (14, 1, 4)
-40 1092 0
c (4, 7) => (4, 0, 3)
-40 3909 3925 0
c (4, 7) => (15, 0, 4) or (15, 1, 4)
-41 1345 0
c (5, 0) => (5, 0, 0)
-41 2118 2134 0
c (5, 0) => (8, 0, 5) or (8, 1, 5)
-42 1346 1345 0
c (5, 1) => (5, 0, 1) or (5, 0, 0)
-42 2372 2371 2370 0
c (5, 1) => (9, 0, 3) or (9, 0, 2) or (9, 0, 1)
-43 1347 1346 0
c (5, 2) => (5, 0, 2) or (5, 0, 1)
-43 2630 2629 2628 0
c (5, 2) => (10, 0, 5) or (10, 0, 4) or (10, 0, 3)
-44 1348 1347 1364 0
c (5, 3) => (5, 0, 3) or (5, 0, 2) or (5, 1, 3)
-44 2886 2885 0
c (5, 3) => (11, 0, 5) or (11, 0, 4)
-45 1348 1365 1364 0
c (5, 4) => (5, 0, 3) or (5, 1, 4) or (5, 1, 3)
-45 3142 3141 0
c (5, 4) => (12, 0, 5) or (12, 0, 4)
-46 1366 1365 0
c (5, 5) => (5, 1, 5) or (5, 1, 4)
-46 3393 0
c (5, 5) => (13, 0, 0)
-47 1367 1366 0
c (5, 6) => (5, 1, 6) or (5, 1, 5)
-47 3653 3670 0
c (5, 6) => (14, 0, 4) or (14, 1, 5)
-48 1367 0
c (5, 7) => (5, 1, 6)
-48 3910 3926 0
c (5, 7) => (15, 0, 5) or (15, 1, 5)
-49 1601 0
c (6, 0) => (6, 0, 0)
-49 2135 0
c (6, 0) => (8, 1, 6)
-50 1602 1601 0
c (6, 1) => (6, 0, 1) or (6, 0, 0)
-50 2372 2371 0
c (6, 1) => (9, 0, 3) or (9, 0, 2)
-51 1603 1602 0
c (6, 2) => (6, 0, 2) or (6, 0, 1)
-51 2630 2629 0
c (6, 2) => (10, 0, 5) or (10, 0, 4)
-52 1603 1620 0
c (6, 3) => (6, 0, 2) or (6, 1, 3)
-52 2887 2886 0
c (6, 3) => (11, 0, 6) or (11, 0, 5)
-53 1621 0
c (6, 4) => (6, 1, 4)
-53 3143 3142 0
c (6, 4) => (12, 0, 6) or (12, 0, 5)
-54 1622 1638 0
c (6, 5) => (6, 1, 5) or (6, 2, 5)
-54 3393 0
c (6, 5) => (13, 0, 0)
-55 1639 0
c (6, 6) => (6, 2, 6)
-55 3671 0
c (6, 6) => (14, 1, 6)
-56 1640 0
c (6, 7) => (6, 2, 7)
-56 3927 0
c (6, 7) => (15, 1, 6)
-57 1857 0
c (7, 0) => (7, 0, 0)
-57 2136 0
c (7, 0) => (8, 1, 7)
-58 1858 0
c (7, 1) => (7, 0, 1)
-58 2372 0
c (7, 1) => (9, 0, 3)
-59 1859 1875 0
c (7, 2) => (7, 0, 2) or (7, 1, 2)
-59 2630 0
c (7, 2) => (10, 0, 5)
-60 1860 1876 0
c (7, 3) => (7, 0, 3) or (7, 1, 3)
-60 2887 0
c (7, 3) => (11, 0, 6)
-61 1861 1877 0
c (7, 4) => (7, 0, 4) or (7, 1, 4)
-61 3143 0
c (7, 4) => (12, 0, 6)
-62 1862 1878 0
c (7, 5) => (7, 0, 5) or (7, 1, 5)
-62 3393 0
c (7, 5) => (13, 0, 0)
-63 1879 0
c (7, 6) => (7, 1, 6)
-63 3672 0
c (7, 6) => (14, 1, 7)
-64 1880 0
c (7, 7) => (7, 1, 7)
-64 3928 0
c (7, 7) => (15, 1, 7)
