c picross_9_5_9JT4G0T57YGWP22H.txt : Picross CNF file python generated.
82 83 0
c (0, 0, 0) or (0, 0, 1)
-83 -82 0
c (0, 0, 1) => not (0, 0, 0)
-82 -96 0
c (0, 0, 0) => not (0, 1, 0)
-82 -97 0
c (0, 0, 0) => not (0, 1, 1)
-82 -98 0
c (0, 0, 0) => not (0, 1, 2)
-83 -97 0
c (0, 0, 1) => not (0, 1, 1)
-83 -98 0
c (0, 0, 1) => not (0, 1, 2)
-83 -99 0
c (0, 0, 1) => not (0, 1, 3)
-82 1 0
c (0, 0, 0) => (0, 0)
-82 2 0
c (0, 0, 0) => (0, 1)
-82 -3 0
c (0, 0, 0) =>  not (0, 2)
-83 2 0
c (0, 0, 1) => (0, 1)
-83 3 0
c (0, 0, 1) => (0, 2)
-83 -4 0
c (0, 0, 1) =>  not (0, 3)
99 100 0
c (0, 1, 3) or (0, 1, 4)
-100 -99 0
c (0, 1, 4) => not (0, 1, 3)
-99 4 0
c (0, 1, 3) => (0, 3)
-99 -5 0
c (0, 1, 3) =>  not (0, 4)
-100 5 0
c (0, 1, 4) => (0, 4)
278 279 280 0
c (1, 0, 0) or (1, 0, 1) or (1, 0, 2)
-279 -278 0
c (1, 0, 1) => not (1, 0, 0)
-280 -278 0
c (1, 0, 2) => not (1, 0, 0)
-280 -279 0
c (1, 0, 2) => not (1, 0, 1)
-278 -292 0
c (1, 0, 0) => not (1, 1, 0)
-278 -293 0
c (1, 0, 0) => not (1, 1, 1)
-279 -293 0
c (1, 0, 1) => not (1, 1, 1)
-279 -294 0
c (1, 0, 1) => not (1, 1, 2)
-280 -294 0
c (1, 0, 2) => not (1, 1, 2)
-280 -295 0
c (1, 0, 2) => not (1, 1, 3)
-278 10 0
c (1, 0, 0) => (1, 0)
-278 -11 0
c (1, 0, 0) =>  not (1, 1)
-279 11 0
c (1, 0, 1) => (1, 1)
-279 -12 0
c (1, 0, 1) =>  not (1, 2)
-280 12 0
c (1, 0, 2) => (1, 2)
-280 -13 0
c (1, 0, 2) =>  not (1, 3)
294 295 296 0
c (1, 1, 2) or (1, 1, 3) or (1, 1, 4)
-295 -294 0
c (1, 1, 3) => not (1, 1, 2)
-296 -294 0
c (1, 1, 4) => not (1, 1, 2)
-296 -295 0
c (1, 1, 4) => not (1, 1, 3)
-294 12 0
c (1, 1, 2) => (1, 2)
-294 -13 0
c (1, 1, 2) =>  not (1, 3)
-295 13 0
c (1, 1, 3) => (1, 3)
-295 -14 0
c (1, 1, 3) =>  not (1, 4)
-296 14 0
c (1, 1, 4) => (1, 4)
474 475 476 0
c (2, 0, 0) or (2, 0, 1) or (2, 0, 2)
-475 -474 0
c (2, 0, 1) => not (2, 0, 0)
-476 -474 0
c (2, 0, 2) => not (2, 0, 0)
-476 -475 0
c (2, 0, 2) => not (2, 0, 1)
-474 19 0
c (2, 0, 0) => (2, 0)
-474 20 0
c (2, 0, 0) => (2, 1)
-474 21 0
c (2, 0, 0) => (2, 2)
-474 -22 0
c (2, 0, 0) =>  not (2, 3)
-475 20 0
c (2, 0, 1) => (2, 1)
-475 21 0
c (2, 0, 1) => (2, 2)
-475 22 0
c (2, 0, 1) => (2, 3)
-475 -23 0
c (2, 0, 1) =>  not (2, 4)
-476 21 0
c (2, 0, 2) => (2, 2)
-476 22 0
c (2, 0, 2) => (2, 3)
-476 23 0
c (2, 0, 2) => (2, 4)
670 671 672 0
c (3, 0, 0) or (3, 0, 1) or (3, 0, 2)
-671 -670 0
c (3, 0, 1) => not (3, 0, 0)
-672 -670 0
c (3, 0, 2) => not (3, 0, 0)
-672 -671 0
c (3, 0, 2) => not (3, 0, 1)
-670 -684 0
c (3, 0, 0) => not (3, 1, 0)
-670 -685 0
c (3, 0, 0) => not (3, 1, 1)
-671 -685 0
c (3, 0, 1) => not (3, 1, 1)
-671 -686 0
c (3, 0, 1) => not (3, 1, 2)
-672 -686 0
c (3, 0, 2) => not (3, 1, 2)
-672 -687 0
c (3, 0, 2) => not (3, 1, 3)
-670 28 0
c (3, 0, 0) => (3, 0)
-670 -29 0
c (3, 0, 0) =>  not (3, 1)
-671 29 0
c (3, 0, 1) => (3, 1)
-671 -30 0
c (3, 0, 1) =>  not (3, 2)
-672 30 0
c (3, 0, 2) => (3, 2)
-672 -31 0
c (3, 0, 2) =>  not (3, 3)
686 687 688 0
c (3, 1, 2) or (3, 1, 3) or (3, 1, 4)
-687 -686 0
c (3, 1, 3) => not (3, 1, 2)
-688 -686 0
c (3, 1, 4) => not (3, 1, 2)
-688 -687 0
c (3, 1, 4) => not (3, 1, 3)
-686 30 0
c (3, 1, 2) => (3, 2)
-686 -31 0
c (3, 1, 2) =>  not (3, 3)
-687 31 0
c (3, 1, 3) => (3, 3)
-687 -32 0
c (3, 1, 3) =>  not (3, 4)
-688 32 0
c (3, 1, 4) => (3, 4)
866 867 868 0
c (4, 0, 0) or (4, 0, 1) or (4, 0, 2)
-867 -866 0
c (4, 0, 1) => not (4, 0, 0)
-868 -866 0
c (4, 0, 2) => not (4, 0, 0)
-868 -867 0
c (4, 0, 2) => not (4, 0, 1)
-866 -880 0
c (4, 0, 0) => not (4, 1, 0)
-866 -881 0
c (4, 0, 0) => not (4, 1, 1)
-867 -881 0
c (4, 0, 1) => not (4, 1, 1)
-867 -882 0
c (4, 0, 1) => not (4, 1, 2)
-868 -882 0
c (4, 0, 2) => not (4, 1, 2)
-868 -883 0
c (4, 0, 2) => not (4, 1, 3)
-866 37 0
c (4, 0, 0) => (4, 0)
-866 -38 0
c (4, 0, 0) =>  not (4, 1)
-867 38 0
c (4, 0, 1) => (4, 1)
-867 -39 0
c (4, 0, 1) =>  not (4, 2)
-868 39 0
c (4, 0, 2) => (4, 2)
-868 -40 0
c (4, 0, 2) =>  not (4, 3)
882 883 884 0
c (4, 1, 2) or (4, 1, 3) or (4, 1, 4)
-883 -882 0
c (4, 1, 3) => not (4, 1, 2)
-884 -882 0
c (4, 1, 4) => not (4, 1, 2)
-884 -883 0
c (4, 1, 4) => not (4, 1, 3)
-882 39 0
c (4, 1, 2) => (4, 2)
-882 -40 0
c (4, 1, 2) =>  not (4, 3)
-883 40 0
c (4, 1, 3) => (4, 3)
-883 -41 0
c (4, 1, 3) =>  not (4, 4)
-884 41 0
c (4, 1, 4) => (4, 4)
1062 1063 1064 1065 0
c (5, 0, 0) or (5, 0, 1) or (5, 0, 2) or (5, 0, 3)
-1063 -1062 0
c (5, 0, 1) => not (5, 0, 0)
-1064 -1062 0
c (5, 0, 2) => not (5, 0, 0)
-1064 -1063 0
c (5, 0, 2) => not (5, 0, 1)
-1065 -1062 0
c (5, 0, 3) => not (5, 0, 0)
-1065 -1063 0
c (5, 0, 3) => not (5, 0, 1)
-1065 -1064 0
c (5, 0, 3) => not (5, 0, 2)
-1062 46 0
c (5, 0, 0) => (5, 0)
-1062 47 0
c (5, 0, 0) => (5, 1)
-1062 -48 0
c (5, 0, 0) =>  not (5, 2)
-1063 47 0
c (5, 0, 1) => (5, 1)
-1063 48 0
c (5, 0, 1) => (5, 2)
-1063 -49 0
c (5, 0, 1) =>  not (5, 3)
-1064 48 0
c (5, 0, 2) => (5, 2)
-1064 49 0
c (5, 0, 2) => (5, 3)
-1064 -50 0
c (5, 0, 2) =>  not (5, 4)
-1065 49 0
c (5, 0, 3) => (5, 3)
-1065 50 0
c (5, 0, 3) => (5, 4)
1258 1259 1260 0
c (6, 0, 0) or (6, 0, 1) or (6, 0, 2)
-1259 -1258 0
c (6, 0, 1) => not (6, 0, 0)
-1260 -1258 0
c (6, 0, 2) => not (6, 0, 0)
-1260 -1259 0
c (6, 0, 2) => not (6, 0, 1)
-1258 -1272 0
c (6, 0, 0) => not (6, 1, 0)
-1258 -1273 0
c (6, 0, 0) => not (6, 1, 1)
-1259 -1273 0
c (6, 0, 1) => not (6, 1, 1)
-1259 -1274 0
c (6, 0, 1) => not (6, 1, 2)
-1260 -1274 0
c (6, 0, 2) => not (6, 1, 2)
-1260 -1275 0
c (6, 0, 2) => not (6, 1, 3)
-1258 55 0
c (6, 0, 0) => (6, 0)
-1258 -56 0
c (6, 0, 0) =>  not (6, 1)
-1259 56 0
c (6, 0, 1) => (6, 1)
-1259 -57 0
c (6, 0, 1) =>  not (6, 2)
-1260 57 0
c (6, 0, 2) => (6, 2)
-1260 -58 0
c (6, 0, 2) =>  not (6, 3)
1274 1275 1276 0
c (6, 1, 2) or (6, 1, 3) or (6, 1, 4)
-1275 -1274 0
c (6, 1, 3) => not (6, 1, 2)
-1276 -1274 0
c (6, 1, 4) => not (6, 1, 2)
-1276 -1275 0
c (6, 1, 4) => not (6, 1, 3)
-1274 57 0
c (6, 1, 2) => (6, 2)
-1274 -58 0
c (6, 1, 2) =>  not (6, 3)
-1275 58 0
c (6, 1, 3) => (6, 3)
-1275 -59 0
c (6, 1, 3) =>  not (6, 4)
-1276 59 0
c (6, 1, 4) => (6, 4)
1454 1455 0
c (7, 0, 0) or (7, 0, 1)
-1455 -1454 0
c (7, 0, 1) => not (7, 0, 0)
-1454 -1468 0
c (7, 0, 0) => not (7, 1, 0)
-1454 -1469 0
c (7, 0, 0) => not (7, 1, 1)
-1455 -1469 0
c (7, 0, 1) => not (7, 1, 1)
-1455 -1470 0
c (7, 0, 1) => not (7, 1, 2)
-1454 64 0
c (7, 0, 0) => (7, 0)
-1454 -65 0
c (7, 0, 0) =>  not (7, 1)
-1455 65 0
c (7, 0, 1) => (7, 1)
-1455 -66 0
c (7, 0, 1) =>  not (7, 2)
1470 1471 0
c (7, 1, 2) or (7, 1, 3)
-1471 -1470 0
c (7, 1, 3) => not (7, 1, 2)
-1470 66 0
c (7, 1, 2) => (7, 2)
-1470 67 0
c (7, 1, 2) => (7, 3)
-1470 -68 0
c (7, 1, 2) =>  not (7, 4)
-1471 67 0
c (7, 1, 3) => (7, 3)
-1471 68 0
c (7, 1, 3) => (7, 4)
1650 1651 1652 1653 0
c (8, 0, 0) or (8, 0, 1) or (8, 0, 2) or (8, 0, 3)
-1651 -1650 0
c (8, 0, 1) => not (8, 0, 0)
-1652 -1650 0
c (8, 0, 2) => not (8, 0, 0)
-1652 -1651 0
c (8, 0, 2) => not (8, 0, 1)
-1653 -1650 0
c (8, 0, 3) => not (8, 0, 0)
-1653 -1651 0
c (8, 0, 3) => not (8, 0, 1)
-1653 -1652 0
c (8, 0, 3) => not (8, 0, 2)
-1650 73 0
c (8, 0, 0) => (8, 0)
-1650 74 0
c (8, 0, 0) => (8, 1)
-1650 -75 0
c (8, 0, 0) =>  not (8, 2)
-1651 74 0
c (8, 0, 1) => (8, 1)
-1651 75 0
c (8, 0, 1) => (8, 2)
-1651 -76 0
c (8, 0, 1) =>  not (8, 3)
-1652 75 0
c (8, 0, 2) => (8, 2)
-1652 76 0
c (8, 0, 2) => (8, 3)
-1652 -77 0
c (8, 0, 2) =>  not (8, 4)
-1653 76 0
c (8, 0, 3) => (8, 3)
-1653 77 0
c (8, 0, 3) => (8, 4)
1846 1847 1848 1849 1850 1851 0
c (9, 0, 0) or (9, 0, 1) or (9, 0, 2) or (9, 0, 3) or (9, 0, 4) or (9, 0, 5)
-1847 -1846 0
c (9, 0, 1) => not (9, 0, 0)
-1848 -1846 0
c (9, 0, 2) => not (9, 0, 0)
-1848 -1847 0
c (9, 0, 2) => not (9, 0, 1)
-1849 -1846 0
c (9, 0, 3) => not (9, 0, 0)
-1849 -1847 0
c (9, 0, 3) => not (9, 0, 1)
-1849 -1848 0
c (9, 0, 3) => not (9, 0, 2)
-1850 -1846 0
c (9, 0, 4) => not (9, 0, 0)
-1850 -1847 0
c (9, 0, 4) => not (9, 0, 1)
-1850 -1848 0
c (9, 0, 4) => not (9, 0, 2)
-1850 -1849 0
c (9, 0, 4) => not (9, 0, 3)
-1851 -1846 0
c (9, 0, 5) => not (9, 0, 0)
-1851 -1847 0
c (9, 0, 5) => not (9, 0, 1)
-1851 -1848 0
c (9, 0, 5) => not (9, 0, 2)
-1851 -1849 0
c (9, 0, 5) => not (9, 0, 3)
-1851 -1850 0
c (9, 0, 5) => not (9, 0, 4)
-1846 -1860 0
c (9, 0, 0) => not (9, 1, 0)
-1846 -1861 0
c (9, 0, 0) => not (9, 1, 1)
-1846 -1862 0
c (9, 0, 0) => not (9, 1, 2)
-1847 -1861 0
c (9, 0, 1) => not (9, 1, 1)
-1847 -1862 0
c (9, 0, 1) => not (9, 1, 2)
-1847 -1863 0
c (9, 0, 1) => not (9, 1, 3)
-1848 -1862 0
c (9, 0, 2) => not (9, 1, 2)
-1848 -1863 0
c (9, 0, 2) => not (9, 1, 3)
-1848 -1864 0
c (9, 0, 2) => not (9, 1, 4)
-1849 -1863 0
c (9, 0, 3) => not (9, 1, 3)
-1849 -1864 0
c (9, 0, 3) => not (9, 1, 4)
-1849 -1865 0
c (9, 0, 3) => not (9, 1, 5)
-1850 -1864 0
c (9, 0, 4) => not (9, 1, 4)
-1850 -1865 0
c (9, 0, 4) => not (9, 1, 5)
-1850 -1866 0
c (9, 0, 4) => not (9, 1, 6)
-1851 -1865 0
c (9, 0, 5) => not (9, 1, 5)
-1851 -1866 0
c (9, 0, 5) => not (9, 1, 6)
-1851 -1867 0
c (9, 0, 5) => not (9, 1, 7)
-1846 1 0
c (9, 0, 0) => (0, 0)
-1846 10 0
c (9, 0, 0) => (1, 0)
-1846 -19 0
c (9, 0, 0) =>  not (2, 0)
-1847 10 0
c (9, 0, 1) => (1, 0)
-1847 19 0
c (9, 0, 1) => (2, 0)
-1847 -28 0
c (9, 0, 1) =>  not (3, 0)
-1848 19 0
c (9, 0, 2) => (2, 0)
-1848 28 0
c (9, 0, 2) => (3, 0)
-1848 -37 0
c (9, 0, 2) =>  not (4, 0)
-1849 28 0
c (9, 0, 3) => (3, 0)
-1849 37 0
c (9, 0, 3) => (4, 0)
-1849 -46 0
c (9, 0, 3) =>  not (5, 0)
-1850 37 0
c (9, 0, 4) => (4, 0)
-1850 46 0
c (9, 0, 4) => (5, 0)
-1850 -55 0
c (9, 0, 4) =>  not (6, 0)
-1851 46 0
c (9, 0, 5) => (5, 0)
-1851 55 0
c (9, 0, 5) => (6, 0)
-1851 -64 0
c (9, 0, 5) =>  not (7, 0)
1863 1864 1865 1866 1867 1868 0
c (9, 1, 3) or (9, 1, 4) or (9, 1, 5) or (9, 1, 6) or (9, 1, 7) or (9, 1, 8)
-1864 -1863 0
c (9, 1, 4) => not (9, 1, 3)
-1865 -1863 0
c (9, 1, 5) => not (9, 1, 3)
-1865 -1864 0
c (9, 1, 5) => not (9, 1, 4)
-1866 -1863 0
c (9, 1, 6) => not (9, 1, 3)
-1866 -1864 0
c (9, 1, 6) => not (9, 1, 4)
-1866 -1865 0
c (9, 1, 6) => not (9, 1, 5)
-1867 -1863 0
c (9, 1, 7) => not (9, 1, 3)
-1867 -1864 0
c (9, 1, 7) => not (9, 1, 4)
-1867 -1865 0
c (9, 1, 7) => not (9, 1, 5)
-1867 -1866 0
c (9, 1, 7) => not (9, 1, 6)
-1868 -1863 0
c (9, 1, 8) => not (9, 1, 3)
-1868 -1864 0
c (9, 1, 8) => not (9, 1, 4)
-1868 -1865 0
c (9, 1, 8) => not (9, 1, 5)
-1868 -1866 0
c (9, 1, 8) => not (9, 1, 6)
-1868 -1867 0
c (9, 1, 8) => not (9, 1, 7)
-1863 28 0
c (9, 1, 3) => (3, 0)
-1863 -37 0
c (9, 1, 3) =>  not (4, 0)
-1864 37 0
c (9, 1, 4) => (4, 0)
-1864 -46 0
c (9, 1, 4) =>  not (5, 0)
-1865 46 0
c (9, 1, 5) => (5, 0)
-1865 -55 0
c (9, 1, 5) =>  not (6, 0)
-1866 55 0
c (9, 1, 6) => (6, 0)
-1866 -64 0
c (9, 1, 6) =>  not (7, 0)
-1867 64 0
c (9, 1, 7) => (7, 0)
-1867 -73 0
c (9, 1, 7) =>  not (8, 0)
-1868 73 0
c (9, 1, 8) => (8, 0)
2042 2043 0
c (10, 0, 0) or (10, 0, 1)
-2043 -2042 0
c (10, 0, 1) => not (10, 0, 0)
-2042 -2056 0
c (10, 0, 0) => not (10, 1, 0)
-2042 -2057 0
c (10, 0, 0) => not (10, 1, 1)
-2042 -2058 0
c (10, 0, 0) => not (10, 1, 2)
-2043 -2057 0
c (10, 0, 1) => not (10, 1, 1)
-2043 -2058 0
c (10, 0, 1) => not (10, 1, 2)
-2043 -2059 0
c (10, 0, 1) => not (10, 1, 3)
-2042 2 0
c (10, 0, 0) => (0, 1)
-2042 11 0
c (10, 0, 0) => (1, 1)
-2042 -20 0
c (10, 0, 0) =>  not (2, 1)
-2043 11 0
c (10, 0, 1) => (1, 1)
-2043 20 0
c (10, 0, 1) => (2, 1)
-2043 -29 0
c (10, 0, 1) =>  not (3, 1)
2059 2060 0
c (10, 1, 3) or (10, 1, 4)
-2060 -2059 0
c (10, 1, 4) => not (10, 1, 3)
-2059 -2073 0
c (10, 1, 3) => not (10, 2, 3)
-2059 -2074 0
c (10, 1, 3) => not (10, 2, 4)
-2060 -2074 0
c (10, 1, 4) => not (10, 2, 4)
-2060 -2075 0
c (10, 1, 4) => not (10, 2, 5)
-2059 29 0
c (10, 1, 3) => (3, 1)
-2059 -38 0
c (10, 1, 3) =>  not (4, 1)
-2060 38 0
c (10, 1, 4) => (4, 1)
-2060 -47 0
c (10, 1, 4) =>  not (5, 1)
2075 2076 0
c (10, 2, 5) or (10, 2, 6)
-2076 -2075 0
c (10, 2, 6) => not (10, 2, 5)
-2075 47 0
c (10, 2, 5) => (5, 1)
-2075 56 0
c (10, 2, 5) => (6, 1)
-2075 65 0
c (10, 2, 5) => (7, 1)
-2075 -74 0
c (10, 2, 5) =>  not (8, 1)
-2076 56 0
c (10, 2, 6) => (6, 1)
-2076 65 0
c (10, 2, 6) => (7, 1)
-2076 74 0
c (10, 2, 6) => (8, 1)
2238 2239 2240 0
c (11, 0, 0) or (11, 0, 1) or (11, 0, 2)
-2239 -2238 0
c (11, 0, 1) => not (11, 0, 0)
-2240 -2238 0
c (11, 0, 2) => not (11, 0, 0)
-2240 -2239 0
c (11, 0, 2) => not (11, 0, 1)
-2238 3 0
c (11, 0, 0) => (0, 2)
-2238 12 0
c (11, 0, 0) => (1, 2)
-2238 21 0
c (11, 0, 0) => (2, 2)
-2238 30 0
c (11, 0, 0) => (3, 2)
-2238 39 0
c (11, 0, 0) => (4, 2)
-2238 48 0
c (11, 0, 0) => (5, 2)
-2238 57 0
c (11, 0, 0) => (6, 2)
-2238 -66 0
c (11, 0, 0) =>  not (7, 2)
-2239 12 0
c (11, 0, 1) => (1, 2)
-2239 21 0
c (11, 0, 1) => (2, 2)
-2239 30 0
c (11, 0, 1) => (3, 2)
-2239 39 0
c (11, 0, 1) => (4, 2)
-2239 48 0
c (11, 0, 1) => (5, 2)
-2239 57 0
c (11, 0, 1) => (6, 2)
-2239 66 0
c (11, 0, 1) => (7, 2)
-2239 -75 0
c (11, 0, 1) =>  not (8, 2)
-2240 21 0
c (11, 0, 2) => (2, 2)
-2240 30 0
c (11, 0, 2) => (3, 2)
-2240 39 0
c (11, 0, 2) => (4, 2)
-2240 48 0
c (11, 0, 2) => (5, 2)
-2240 57 0
c (11, 0, 2) => (6, 2)
-2240 66 0
c (11, 0, 2) => (7, 2)
-2240 75 0
c (11, 0, 2) => (8, 2)
2434 2435 2436 2437 2438 0
c (12, 0, 0) or (12, 0, 1) or (12, 0, 2) or (12, 0, 3) or (12, 0, 4)
-2435 -2434 0
c (12, 0, 1) => not (12, 0, 0)
-2436 -2434 0
c (12, 0, 2) => not (12, 0, 0)
-2436 -2435 0
c (12, 0, 2) => not (12, 0, 1)
-2437 -2434 0
c (12, 0, 3) => not (12, 0, 0)
-2437 -2435 0
c (12, 0, 3) => not (12, 0, 1)
-2437 -2436 0
c (12, 0, 3) => not (12, 0, 2)
-2438 -2434 0
c (12, 0, 4) => not (12, 0, 0)
-2438 -2435 0
c (12, 0, 4) => not (12, 0, 1)
-2438 -2436 0
c (12, 0, 4) => not (12, 0, 2)
-2438 -2437 0
c (12, 0, 4) => not (12, 0, 3)
-2434 -2448 0
c (12, 0, 0) => not (12, 1, 0)
-2434 -2449 0
c (12, 0, 0) => not (12, 1, 1)
-2435 -2449 0
c (12, 0, 1) => not (12, 1, 1)
-2435 -2450 0
c (12, 0, 1) => not (12, 1, 2)
-2436 -2450 0
c (12, 0, 2) => not (12, 1, 2)
-2436 -2451 0
c (12, 0, 2) => not (12, 1, 3)
-2437 -2451 0
c (12, 0, 3) => not (12, 1, 3)
-2437 -2452 0
c (12, 0, 3) => not (12, 1, 4)
-2438 -2452 0
c (12, 0, 4) => not (12, 1, 4)
-2438 -2453 0
c (12, 0, 4) => not (12, 1, 5)
-2434 4 0
c (12, 0, 0) => (0, 3)
-2434 -13 0
c (12, 0, 0) =>  not (1, 3)
-2435 13 0
c (12, 0, 1) => (1, 3)
-2435 -22 0
c (12, 0, 1) =>  not (2, 3)
-2436 22 0
c (12, 0, 2) => (2, 3)
-2436 -31 0
c (12, 0, 2) =>  not (3, 3)
-2437 31 0
c (12, 0, 3) => (3, 3)
-2437 -40 0
c (12, 0, 3) =>  not (4, 3)
-2438 40 0
c (12, 0, 4) => (4, 3)
-2438 -49 0
c (12, 0, 4) =>  not (5, 3)
2450 2451 2452 2453 2454 0
c (12, 1, 2) or (12, 1, 3) or (12, 1, 4) or (12, 1, 5) or (12, 1, 6)
-2451 -2450 0
c (12, 1, 3) => not (12, 1, 2)
-2452 -2450 0
c (12, 1, 4) => not (12, 1, 2)
-2452 -2451 0
c (12, 1, 4) => not (12, 1, 3)
-2453 -2450 0
c (12, 1, 5) => not (12, 1, 2)
-2453 -2451 0
c (12, 1, 5) => not (12, 1, 3)
-2453 -2452 0
c (12, 1, 5) => not (12, 1, 4)
-2454 -2450 0
c (12, 1, 6) => not (12, 1, 2)
-2454 -2451 0
c (12, 1, 6) => not (12, 1, 3)
-2454 -2452 0
c (12, 1, 6) => not (12, 1, 4)
-2454 -2453 0
c (12, 1, 6) => not (12, 1, 5)
-2450 22 0
c (12, 1, 2) => (2, 3)
-2450 31 0
c (12, 1, 2) => (3, 3)
-2450 40 0
c (12, 1, 2) => (4, 3)
-2450 -49 0
c (12, 1, 2) =>  not (5, 3)
-2451 31 0
c (12, 1, 3) => (3, 3)
-2451 40 0
c (12, 1, 3) => (4, 3)
-2451 49 0
c (12, 1, 3) => (5, 3)
-2451 -58 0
c (12, 1, 3) =>  not (6, 3)
-2452 40 0
c (12, 1, 4) => (4, 3)
-2452 49 0
c (12, 1, 4) => (5, 3)
-2452 58 0
c (12, 1, 4) => (6, 3)
-2452 -67 0
c (12, 1, 4) =>  not (7, 3)
-2453 49 0
c (12, 1, 5) => (5, 3)
-2453 58 0
c (12, 1, 5) => (6, 3)
-2453 67 0
c (12, 1, 5) => (7, 3)
-2453 -76 0
c (12, 1, 5) =>  not (8, 3)
-2454 58 0
c (12, 1, 6) => (6, 3)
-2454 67 0
c (12, 1, 6) => (7, 3)
-2454 76 0
c (12, 1, 6) => (8, 3)
2630 2631 2632 2633 2634 2635 0
c (13, 0, 0) or (13, 0, 1) or (13, 0, 2) or (13, 0, 3) or (13, 0, 4) or (13, 0, 5)
-2631 -2630 0
c (13, 0, 1) => not (13, 0, 0)
-2632 -2630 0
c (13, 0, 2) => not (13, 0, 0)
-2632 -2631 0
c (13, 0, 2) => not (13, 0, 1)
-2633 -2630 0
c (13, 0, 3) => not (13, 0, 0)
-2633 -2631 0
c (13, 0, 3) => not (13, 0, 1)
-2633 -2632 0
c (13, 0, 3) => not (13, 0, 2)
-2634 -2630 0
c (13, 0, 4) => not (13, 0, 0)
-2634 -2631 0
c (13, 0, 4) => not (13, 0, 1)
-2634 -2632 0
c (13, 0, 4) => not (13, 0, 2)
-2634 -2633 0
c (13, 0, 4) => not (13, 0, 3)
-2635 -2630 0
c (13, 0, 5) => not (13, 0, 0)
-2635 -2631 0
c (13, 0, 5) => not (13, 0, 1)
-2635 -2632 0
c (13, 0, 5) => not (13, 0, 2)
-2635 -2633 0
c (13, 0, 5) => not (13, 0, 3)
-2635 -2634 0
c (13, 0, 5) => not (13, 0, 4)
-2630 -2644 0
c (13, 0, 0) => not (13, 1, 0)
-2630 -2645 0
c (13, 0, 0) => not (13, 1, 1)
-2630 -2646 0
c (13, 0, 0) => not (13, 1, 2)
-2631 -2645 0
c (13, 0, 1) => not (13, 1, 1)
-2631 -2646 0
c (13, 0, 1) => not (13, 1, 2)
-2631 -2647 0
c (13, 0, 1) => not (13, 1, 3)
-2632 -2646 0
c (13, 0, 2) => not (13, 1, 2)
-2632 -2647 0
c (13, 0, 2) => not (13, 1, 3)
-2632 -2648 0
c (13, 0, 2) => not (13, 1, 4)
-2633 -2647 0
c (13, 0, 3) => not (13, 1, 3)
-2633 -2648 0
c (13, 0, 3) => not (13, 1, 4)
-2633 -2649 0
c (13, 0, 3) => not (13, 1, 5)
-2634 -2648 0
c (13, 0, 4) => not (13, 1, 4)
-2634 -2649 0
c (13, 0, 4) => not (13, 1, 5)
-2634 -2650 0
c (13, 0, 4) => not (13, 1, 6)
-2635 -2649 0
c (13, 0, 5) => not (13, 1, 5)
-2635 -2650 0
c (13, 0, 5) => not (13, 1, 6)
-2635 -2651 0
c (13, 0, 5) => not (13, 1, 7)
-2630 5 0
c (13, 0, 0) => (0, 4)
-2630 14 0
c (13, 0, 0) => (1, 4)
-2630 -23 0
c (13, 0, 0) =>  not (2, 4)
-2631 14 0
c (13, 0, 1) => (1, 4)
-2631 23 0
c (13, 0, 1) => (2, 4)
-2631 -32 0
c (13, 0, 1) =>  not (3, 4)
-2632 23 0
c (13, 0, 2) => (2, 4)
-2632 32 0
c (13, 0, 2) => (3, 4)
-2632 -41 0
c (13, 0, 2) =>  not (4, 4)
-2633 32 0
c (13, 0, 3) => (3, 4)
-2633 41 0
c (13, 0, 3) => (4, 4)
-2633 -50 0
c (13, 0, 3) =>  not (5, 4)
-2634 41 0
c (13, 0, 4) => (4, 4)
-2634 50 0
c (13, 0, 4) => (5, 4)
-2634 -59 0
c (13, 0, 4) =>  not (6, 4)
-2635 50 0
c (13, 0, 5) => (5, 4)
-2635 59 0
c (13, 0, 5) => (6, 4)
-2635 -68 0
c (13, 0, 5) =>  not (7, 4)
2647 2648 2649 2650 2651 2652 0
c (13, 1, 3) or (13, 1, 4) or (13, 1, 5) or (13, 1, 6) or (13, 1, 7) or (13, 1, 8)
-2648 -2647 0
c (13, 1, 4) => not (13, 1, 3)
-2649 -2647 0
c (13, 1, 5) => not (13, 1, 3)
-2649 -2648 0
c (13, 1, 5) => not (13, 1, 4)
-2650 -2647 0
c (13, 1, 6) => not (13, 1, 3)
-2650 -2648 0
c (13, 1, 6) => not (13, 1, 4)
-2650 -2649 0
c (13, 1, 6) => not (13, 1, 5)
-2651 -2647 0
c (13, 1, 7) => not (13, 1, 3)
-2651 -2648 0
c (13, 1, 7) => not (13, 1, 4)
-2651 -2649 0
c (13, 1, 7) => not (13, 1, 5)
-2651 -2650 0
c (13, 1, 7) => not (13, 1, 6)
-2652 -2647 0
c (13, 1, 8) => not (13, 1, 3)
-2652 -2648 0
c (13, 1, 8) => not (13, 1, 4)
-2652 -2649 0
c (13, 1, 8) => not (13, 1, 5)
-2652 -2650 0
c (13, 1, 8) => not (13, 1, 6)
-2652 -2651 0
c (13, 1, 8) => not (13, 1, 7)
-2647 32 0
c (13, 1, 3) => (3, 4)
-2647 -41 0
c (13, 1, 3) =>  not (4, 4)
-2648 41 0
c (13, 1, 4) => (4, 4)
-2648 -50 0
c (13, 1, 4) =>  not (5, 4)
-2649 50 0
c (13, 1, 5) => (5, 4)
-2649 -59 0
c (13, 1, 5) =>  not (6, 4)
-2650 59 0
c (13, 1, 6) => (6, 4)
-2650 -68 0
c (13, 1, 6) =>  not (7, 4)
-2651 68 0
c (13, 1, 7) => (7, 4)
-2651 -77 0
c (13, 1, 7) =>  not (8, 4)
-2652 77 0
c (13, 1, 8) => (8, 4)
-1 82 0
c (0, 0) => (0, 0, 0)
-1 1846 0
c (0, 0) => (9, 0, 0)
-2 83 82 0
c (0, 1) => (0, 0, 1) or (0, 0, 0)
-2 2042 0
c (0, 1) => (10, 0, 0)
-3 83 0
c (0, 2) => (0, 0, 1)
-3 2238 0
c (0, 2) => (11, 0, 0)
-4 99 0
c (0, 3) => (0, 1, 3)
-4 2434 0
c (0, 3) => (12, 0, 0)
-5 100 0
c (0, 4) => (0, 1, 4)
-5 2630 0
c (0, 4) => (13, 0, 0)
-10 278 0
c (1, 0) => (1, 0, 0)
-10 1847 1846 0
c (1, 0) => (9, 0, 1) or (9, 0, 0)
-11 279 0
c (1, 1) => (1, 0, 1)
-11 2043 2042 0
c (1, 1) => (10, 0, 1) or (10, 0, 0)
-12 280 294 0
c (1, 2) => (1, 0, 2) or (1, 1, 2)
-12 2239 2238 0
c (1, 2) => (11, 0, 1) or (11, 0, 0)
-13 295 0
c (1, 3) => (1, 1, 3)
-13 2435 0
c (1, 3) => (12, 0, 1)
-14 296 0
c (1, 4) => (1, 1, 4)
-14 2631 2630 0
c (1, 4) => (13, 0, 1) or (13, 0, 0)
-19 474 0
c (2, 0) => (2, 0, 0)
-19 1848 1847 0
c (2, 0) => (9, 0, 2) or (9, 0, 1)
-20 475 474 0
c (2, 1) => (2, 0, 1) or (2, 0, 0)
-20 2043 0
c (2, 1) => (10, 0, 1)
-21 476 475 474 0
c (2, 2) => (2, 0, 2) or (2, 0, 1) or (2, 0, 0)
-21 2240 2239 2238 0
c (2, 2) => (11, 0, 2) or (11, 0, 1) or (11, 0, 0)
-22 476 475 0
c (2, 3) => (2, 0, 2) or (2, 0, 1)
-22 2436 2450 0
c (2, 3) => (12, 0, 2) or (12, 1, 2)
-23 476 0
c (2, 4) => (2, 0, 2)
-23 2632 2631 0
c (2, 4) => (13, 0, 2) or (13, 0, 1)
-28 670 0
c (3, 0) => (3, 0, 0)
-28 1849 1848 1863 0
c (3, 0) => (9, 0, 3) or (9, 0, 2) or (9, 1, 3)
-29 671 0
c (3, 1) => (3, 0, 1)
-29 2059 0
c (3, 1) => (10, 1, 3)
-30 672 686 0
c (3, 2) => (3, 0, 2) or (3, 1, 2)
-30 2240 2239 2238 0
c (3, 2) => (11, 0, 2) or (11, 0, 1) or (11, 0, 0)
-31 687 0
c (3, 3) => (3, 1, 3)
-31 2437 2451 2450 0
c (3, 3) => (12, 0, 3) or (12, 1, 3) or (12, 1, 2)
-32 688 0
c (3, 4) => (3, 1, 4)
-32 2633 2632 2647 0
c (3, 4) => (13, 0, 3) or (13, 0, 2) or (13, 1, 3)
-37 866 0
c (4, 0) => (4, 0, 0)
-37 1850 1849 1864 0
c (4, 0) => (9, 0, 4) or (9, 0, 3) or (9, 1, 4)
-38 867 0
c (4, 1) => (4, 0, 1)
-38 2060 0
c (4, 1) => (10, 1, 4)
-39 868 882 0
c (4, 2) => (4, 0, 2) or (4, 1, 2)
-39 2240 2239 2238 0
c (4, 2) => (11, 0, 2) or (11, 0, 1) or (11, 0, 0)
-40 883 0
c (4, 3) => (4, 1, 3)
-40 2438 2452 2451 2450 0
c (4, 3) => (12, 0, 4) or (12, 1, 4) or (12, 1, 3) or (12, 1, 2)
-41 884 0
c (4, 4) => (4, 1, 4)
-41 2634 2633 2648 0
c (4, 4) => (13, 0, 4) or (13, 0, 3) or (13, 1, 4)
-46 1062 0
c (5, 0) => (5, 0, 0)
-46 1851 1850 1865 0
c (5, 0) => (9, 0, 5) or (9, 0, 4) or (9, 1, 5)
-47 1063 1062 0
c (5, 1) => (5, 0, 1) or (5, 0, 0)
-47 2075 0
c (5, 1) => (10, 2, 5)
-48 1064 1063 0
c (5, 2) => (5, 0, 2) or (5, 0, 1)
-48 2240 2239 2238 0
c (5, 2) => (11, 0, 2) or (11, 0, 1) or (11, 0, 0)
-49 1065 1064 0
c (5, 3) => (5, 0, 3) or (5, 0, 2)
-49 2453 2452 2451 0
c (5, 3) => (12, 1, 5) or (12, 1, 4) or (12, 1, 3)
-50 1065 0
c (5, 4) => (5, 0, 3)
-50 2635 2634 2649 0
c (5, 4) => (13, 0, 5) or (13, 0, 4) or (13, 1, 5)
-55 1258 0
c (6, 0) => (6, 0, 0)
-55 1851 1866 0
c (6, 0) => (9, 0, 5) or (9, 1, 6)
-56 1259 0
c (6, 1) => (6, 0, 1)
-56 2076 2075 0
c (6, 1) => (10, 2, 6) or (10, 2, 5)
-57 1260 1274 0
c (6, 2) => (6, 0, 2) or (6, 1, 2)
-57 2240 2239 2238 0
c (6, 2) => (11, 0, 2) or (11, 0, 1) or (11, 0, 0)
-58 1275 0
c (6, 3) => (6, 1, 3)
-58 2454 2453 2452 0
c (6, 3) => (12, 1, 6) or (12, 1, 5) or (12, 1, 4)
-59 1276 0
c (6, 4) => (6, 1, 4)
-59 2635 2650 0
c (6, 4) => (13, 0, 5) or (13, 1, 6)
-64 1454 0
c (7, 0) => (7, 0, 0)
-64 1867 0
c (7, 0) => (9, 1, 7)
-65 1455 0
c (7, 1) => (7, 0, 1)
-65 2076 2075 0
c (7, 1) => (10, 2, 6) or (10, 2, 5)
-66 1470 0
c (7, 2) => (7, 1, 2)
-66 2240 2239 0
c (7, 2) => (11, 0, 2) or (11, 0, 1)
-67 1471 1470 0
c (7, 3) => (7, 1, 3) or (7, 1, 2)
-67 2454 2453 0
c (7, 3) => (12, 1, 6) or (12, 1, 5)
-68 1471 0
c (7, 4) => (7, 1, 3)
-68 2651 0
c (7, 4) => (13, 1, 7)
-73 1650 0
c (8, 0) => (8, 0, 0)
-73 1868 0
c (8, 0) => (9, 1, 8)
-74 1651 1650 0
c (8, 1) => (8, 0, 1) or (8, 0, 0)
-74 2076 0
c (8, 1) => (10, 2, 6)
-75 1652 1651 0
c (8, 2) => (8, 0, 2) or (8, 0, 1)
-75 2240 0
c (8, 2) => (11, 0, 2)
-76 1653 1652 0
c (8, 3) => (8, 0, 3) or (8, 0, 2)
-76 2454 0
c (8, 3) => (12, 1, 6)
-77 1653 0
c (8, 4) => (8, 0, 3)
-77 2652 0
c (8, 4) => (13, 1, 8)
