c picross_9_8_EJ8UN1C2M2O4TG5R.txt : Picross CNF file python generated.
82 83 84 85 86 87 0
c (0, 0, 0) or (0, 0, 1) or (0, 0, 2) or (0, 0, 3) or (0, 0, 4) or (0, 0, 5)
-83 -82 0
c (0, 0, 1) => not (0, 0, 0)
-84 -82 0
c (0, 0, 2) => not (0, 0, 0)
-84 -83 0
c (0, 0, 2) => not (0, 0, 1)
-85 -82 0
c (0, 0, 3) => not (0, 0, 0)
-85 -83 0
c (0, 0, 3) => not (0, 0, 1)
-85 -84 0
c (0, 0, 3) => not (0, 0, 2)
-86 -82 0
c (0, 0, 4) => not (0, 0, 0)
-86 -83 0
c (0, 0, 4) => not (0, 0, 1)
-86 -84 0
c (0, 0, 4) => not (0, 0, 2)
-86 -85 0
c (0, 0, 4) => not (0, 0, 3)
-87 -82 0
c (0, 0, 5) => not (0, 0, 0)
-87 -83 0
c (0, 0, 5) => not (0, 0, 1)
-87 -84 0
c (0, 0, 5) => not (0, 0, 2)
-87 -85 0
c (0, 0, 5) => not (0, 0, 3)
-87 -86 0
c (0, 0, 5) => not (0, 0, 4)
-82 1 0
c (0, 0, 0) => (0, 0)
-82 2 0
c (0, 0, 0) => (0, 1)
-82 3 0
c (0, 0, 0) => (0, 2)
-82 -4 0
c (0, 0, 0) =>  not (0, 3)
-83 2 0
c (0, 0, 1) => (0, 1)
-83 3 0
c (0, 0, 1) => (0, 2)
-83 4 0
c (0, 0, 1) => (0, 3)
-83 -5 0
c (0, 0, 1) =>  not (0, 4)
-84 3 0
c (0, 0, 2) => (0, 2)
-84 4 0
c (0, 0, 2) => (0, 3)
-84 5 0
c (0, 0, 2) => (0, 4)
-84 -6 0
c (0, 0, 2) =>  not (0, 5)
-85 4 0
c (0, 0, 3) => (0, 3)
-85 5 0
c (0, 0, 3) => (0, 4)
-85 6 0
c (0, 0, 3) => (0, 5)
-85 -7 0
c (0, 0, 3) =>  not (0, 6)
-86 5 0
c (0, 0, 4) => (0, 4)
-86 6 0
c (0, 0, 4) => (0, 5)
-86 7 0
c (0, 0, 4) => (0, 6)
-86 -8 0
c (0, 0, 4) =>  not (0, 7)
-87 6 0
c (0, 0, 5) => (0, 5)
-87 7 0
c (0, 0, 5) => (0, 6)
-87 8 0
c (0, 0, 5) => (0, 7)
371 372 373 374 375 0
c (1, 0, 0) or (1, 0, 1) or (1, 0, 2) or (1, 0, 3) or (1, 0, 4)
-372 -371 0
c (1, 0, 1) => not (1, 0, 0)
-373 -371 0
c (1, 0, 2) => not (1, 0, 0)
-373 -372 0
c (1, 0, 2) => not (1, 0, 1)
-374 -371 0
c (1, 0, 3) => not (1, 0, 0)
-374 -372 0
c (1, 0, 3) => not (1, 0, 1)
-374 -373 0
c (1, 0, 3) => not (1, 0, 2)
-375 -371 0
c (1, 0, 4) => not (1, 0, 0)
-375 -372 0
c (1, 0, 4) => not (1, 0, 1)
-375 -373 0
c (1, 0, 4) => not (1, 0, 2)
-375 -374 0
c (1, 0, 4) => not (1, 0, 3)
-371 -388 0
c (1, 0, 0) => not (1, 1, 0)
-371 -389 0
c (1, 0, 0) => not (1, 1, 1)
-371 -390 0
c (1, 0, 0) => not (1, 1, 2)
-372 -389 0
c (1, 0, 1) => not (1, 1, 1)
-372 -390 0
c (1, 0, 1) => not (1, 1, 2)
-372 -391 0
c (1, 0, 1) => not (1, 1, 3)
-373 -390 0
c (1, 0, 2) => not (1, 1, 2)
-373 -391 0
c (1, 0, 2) => not (1, 1, 3)
-373 -392 0
c (1, 0, 2) => not (1, 1, 4)
-374 -391 0
c (1, 0, 3) => not (1, 1, 3)
-374 -392 0
c (1, 0, 3) => not (1, 1, 4)
-374 -393 0
c (1, 0, 3) => not (1, 1, 5)
-375 -392 0
c (1, 0, 4) => not (1, 1, 4)
-375 -393 0
c (1, 0, 4) => not (1, 1, 5)
-375 -394 0
c (1, 0, 4) => not (1, 1, 6)
-371 10 0
c (1, 0, 0) => (1, 0)
-371 11 0
c (1, 0, 0) => (1, 1)
-371 -12 0
c (1, 0, 0) =>  not (1, 2)
-372 11 0
c (1, 0, 1) => (1, 1)
-372 12 0
c (1, 0, 1) => (1, 2)
-372 -13 0
c (1, 0, 1) =>  not (1, 3)
-373 12 0
c (1, 0, 2) => (1, 2)
-373 13 0
c (1, 0, 2) => (1, 3)
-373 -14 0
c (1, 0, 2) =>  not (1, 4)
-374 13 0
c (1, 0, 3) => (1, 3)
-374 14 0
c (1, 0, 3) => (1, 4)
-374 -15 0
c (1, 0, 3) =>  not (1, 5)
-375 14 0
c (1, 0, 4) => (1, 4)
-375 15 0
c (1, 0, 4) => (1, 5)
-375 -16 0
c (1, 0, 4) =>  not (1, 6)
391 392 393 394 395 0
c (1, 1, 3) or (1, 1, 4) or (1, 1, 5) or (1, 1, 6) or (1, 1, 7)
-392 -391 0
c (1, 1, 4) => not (1, 1, 3)
-393 -391 0
c (1, 1, 5) => not (1, 1, 3)
-393 -392 0
c (1, 1, 5) => not (1, 1, 4)
-394 -391 0
c (1, 1, 6) => not (1, 1, 3)
-394 -392 0
c (1, 1, 6) => not (1, 1, 4)
-394 -393 0
c (1, 1, 6) => not (1, 1, 5)
-395 -391 0
c (1, 1, 7) => not (1, 1, 3)
-395 -392 0
c (1, 1, 7) => not (1, 1, 4)
-395 -393 0
c (1, 1, 7) => not (1, 1, 5)
-395 -394 0
c (1, 1, 7) => not (1, 1, 6)
-391 13 0
c (1, 1, 3) => (1, 3)
-391 -14 0
c (1, 1, 3) =>  not (1, 4)
-392 14 0
c (1, 1, 4) => (1, 4)
-392 -15 0
c (1, 1, 4) =>  not (1, 5)
-393 15 0
c (1, 1, 5) => (1, 5)
-393 -16 0
c (1, 1, 5) =>  not (1, 6)
-394 16 0
c (1, 1, 6) => (1, 6)
-394 -17 0
c (1, 1, 6) =>  not (1, 7)
-395 17 0
c (1, 1, 7) => (1, 7)
660 661 662 0
c (2, 0, 0) or (2, 0, 1) or (2, 0, 2)
-661 -660 0
c (2, 0, 1) => not (2, 0, 0)
-662 -660 0
c (2, 0, 2) => not (2, 0, 0)
-662 -661 0
c (2, 0, 2) => not (2, 0, 1)
-660 -677 0
c (2, 0, 0) => not (2, 1, 0)
-660 -678 0
c (2, 0, 0) => not (2, 1, 1)
-660 -679 0
c (2, 0, 0) => not (2, 1, 2)
-660 -680 0
c (2, 0, 0) => not (2, 1, 3)
-661 -678 0
c (2, 0, 1) => not (2, 1, 1)
-661 -679 0
c (2, 0, 1) => not (2, 1, 2)
-661 -680 0
c (2, 0, 1) => not (2, 1, 3)
-661 -681 0
c (2, 0, 1) => not (2, 1, 4)
-662 -679 0
c (2, 0, 2) => not (2, 1, 2)
-662 -680 0
c (2, 0, 2) => not (2, 1, 3)
-662 -681 0
c (2, 0, 2) => not (2, 1, 4)
-662 -682 0
c (2, 0, 2) => not (2, 1, 5)
-660 19 0
c (2, 0, 0) => (2, 0)
-660 20 0
c (2, 0, 0) => (2, 1)
-660 21 0
c (2, 0, 0) => (2, 2)
-660 -22 0
c (2, 0, 0) =>  not (2, 3)
-661 20 0
c (2, 0, 1) => (2, 1)
-661 21 0
c (2, 0, 1) => (2, 2)
-661 22 0
c (2, 0, 1) => (2, 3)
-661 -23 0
c (2, 0, 1) =>  not (2, 4)
-662 21 0
c (2, 0, 2) => (2, 2)
-662 22 0
c (2, 0, 2) => (2, 3)
-662 23 0
c (2, 0, 2) => (2, 4)
-662 -24 0
c (2, 0, 2) =>  not (2, 5)
681 682 683 0
c (2, 1, 4) or (2, 1, 5) or (2, 1, 6)
-682 -681 0
c (2, 1, 5) => not (2, 1, 4)
-683 -681 0
c (2, 1, 6) => not (2, 1, 4)
-683 -682 0
c (2, 1, 6) => not (2, 1, 5)
-681 23 0
c (2, 1, 4) => (2, 4)
-681 24 0
c (2, 1, 4) => (2, 5)
-681 -25 0
c (2, 1, 4) =>  not (2, 6)
-682 24 0
c (2, 1, 5) => (2, 5)
-682 25 0
c (2, 1, 5) => (2, 6)
-682 -26 0
c (2, 1, 5) =>  not (2, 7)
-683 25 0
c (2, 1, 6) => (2, 6)
-683 26 0
c (2, 1, 6) => (2, 7)
949 950 951 952 0
c (3, 0, 0) or (3, 0, 1) or (3, 0, 2) or (3, 0, 3)
-950 -949 0
c (3, 0, 1) => not (3, 0, 0)
-951 -949 0
c (3, 0, 2) => not (3, 0, 0)
-951 -950 0
c (3, 0, 2) => not (3, 0, 1)
-952 -949 0
c (3, 0, 3) => not (3, 0, 0)
-952 -950 0
c (3, 0, 3) => not (3, 0, 1)
-952 -951 0
c (3, 0, 3) => not (3, 0, 2)
-949 -966 0
c (3, 0, 0) => not (3, 1, 0)
-949 -967 0
c (3, 0, 0) => not (3, 1, 1)
-949 -968 0
c (3, 0, 0) => not (3, 1, 2)
-950 -967 0
c (3, 0, 1) => not (3, 1, 1)
-950 -968 0
c (3, 0, 1) => not (3, 1, 2)
-950 -969 0
c (3, 0, 1) => not (3, 1, 3)
-951 -968 0
c (3, 0, 2) => not (3, 1, 2)
-951 -969 0
c (3, 0, 2) => not (3, 1, 3)
-951 -970 0
c (3, 0, 2) => not (3, 1, 4)
-952 -969 0
c (3, 0, 3) => not (3, 1, 3)
-952 -970 0
c (3, 0, 3) => not (3, 1, 4)
-952 -971 0
c (3, 0, 3) => not (3, 1, 5)
-949 28 0
c (3, 0, 0) => (3, 0)
-949 29 0
c (3, 0, 0) => (3, 1)
-949 -30 0
c (3, 0, 0) =>  not (3, 2)
-950 29 0
c (3, 0, 1) => (3, 1)
-950 30 0
c (3, 0, 1) => (3, 2)
-950 -31 0
c (3, 0, 1) =>  not (3, 3)
-951 30 0
c (3, 0, 2) => (3, 2)
-951 31 0
c (3, 0, 2) => (3, 3)
-951 -32 0
c (3, 0, 2) =>  not (3, 4)
-952 31 0
c (3, 0, 3) => (3, 3)
-952 32 0
c (3, 0, 3) => (3, 4)
-952 -33 0
c (3, 0, 3) =>  not (3, 5)
969 970 971 972 0
c (3, 1, 3) or (3, 1, 4) or (3, 1, 5) or (3, 1, 6)
-970 -969 0
c (3, 1, 4) => not (3, 1, 3)
-971 -969 0
c (3, 1, 5) => not (3, 1, 3)
-971 -970 0
c (3, 1, 5) => not (3, 1, 4)
-972 -969 0
c (3, 1, 6) => not (3, 1, 3)
-972 -970 0
c (3, 1, 6) => not (3, 1, 4)
-972 -971 0
c (3, 1, 6) => not (3, 1, 5)
-969 31 0
c (3, 1, 3) => (3, 3)
-969 32 0
c (3, 1, 3) => (3, 4)
-969 -33 0
c (3, 1, 3) =>  not (3, 5)
-970 32 0
c (3, 1, 4) => (3, 4)
-970 33 0
c (3, 1, 4) => (3, 5)
-970 -34 0
c (3, 1, 4) =>  not (3, 6)
-971 33 0
c (3, 1, 5) => (3, 5)
-971 34 0
c (3, 1, 5) => (3, 6)
-971 -35 0
c (3, 1, 5) =>  not (3, 7)
-972 34 0
c (3, 1, 6) => (3, 6)
-972 35 0
c (3, 1, 6) => (3, 7)
1238 1239 1240 0
c (4, 0, 0) or (4, 0, 1) or (4, 0, 2)
-1239 -1238 0
c (4, 0, 1) => not (4, 0, 0)
-1240 -1238 0
c (4, 0, 2) => not (4, 0, 0)
-1240 -1239 0
c (4, 0, 2) => not (4, 0, 1)
-1238 37 0
c (4, 0, 0) => (4, 0)
-1238 38 0
c (4, 0, 0) => (4, 1)
-1238 39 0
c (4, 0, 0) => (4, 2)
-1238 40 0
c (4, 0, 0) => (4, 3)
-1238 41 0
c (4, 0, 0) => (4, 4)
-1238 42 0
c (4, 0, 0) => (4, 5)
-1238 -43 0
c (4, 0, 0) =>  not (4, 6)
-1239 38 0
c (4, 0, 1) => (4, 1)
-1239 39 0
c (4, 0, 1) => (4, 2)
-1239 40 0
c (4, 0, 1) => (4, 3)
-1239 41 0
c (4, 0, 1) => (4, 4)
-1239 42 0
c (4, 0, 1) => (4, 5)
-1239 43 0
c (4, 0, 1) => (4, 6)
-1239 -44 0
c (4, 0, 1) =>  not (4, 7)
-1240 39 0
c (4, 0, 2) => (4, 2)
-1240 40 0
c (4, 0, 2) => (4, 3)
-1240 41 0
c (4, 0, 2) => (4, 4)
-1240 42 0
c (4, 0, 2) => (4, 5)
-1240 43 0
c (4, 0, 2) => (4, 6)
-1240 44 0
c (4, 0, 2) => (4, 7)
1527 1528 0
c (5, 0, 0) or (5, 0, 1)
-1528 -1527 0
c (5, 0, 1) => not (5, 0, 0)
-1527 -1544 0
c (5, 0, 0) => not (5, 1, 0)
-1527 -1545 0
c (5, 0, 0) => not (5, 1, 1)
-1528 -1545 0
c (5, 0, 1) => not (5, 1, 1)
-1528 -1546 0
c (5, 0, 1) => not (5, 1, 2)
-1527 46 0
c (5, 0, 0) => (5, 0)
-1527 -47 0
c (5, 0, 0) =>  not (5, 1)
-1528 47 0
c (5, 0, 1) => (5, 1)
-1528 -48 0
c (5, 0, 1) =>  not (5, 2)
1546 1547 0
c (5, 1, 2) or (5, 1, 3)
-1547 -1546 0
c (5, 1, 3) => not (5, 1, 2)
-1546 48 0
c (5, 1, 2) => (5, 2)
-1546 49 0
c (5, 1, 2) => (5, 3)
-1546 50 0
c (5, 1, 2) => (5, 4)
-1546 51 0
c (5, 1, 2) => (5, 5)
-1546 52 0
c (5, 1, 2) => (5, 6)
-1546 -53 0
c (5, 1, 2) =>  not (5, 7)
-1547 49 0
c (5, 1, 3) => (5, 3)
-1547 50 0
c (5, 1, 3) => (5, 4)
-1547 51 0
c (5, 1, 3) => (5, 5)
-1547 52 0
c (5, 1, 3) => (5, 6)
-1547 53 0
c (5, 1, 3) => (5, 7)
1816 1817 1818 0
c (6, 0, 0) or (6, 0, 1) or (6, 0, 2)
-1817 -1816 0
c (6, 0, 1) => not (6, 0, 0)
-1818 -1816 0
c (6, 0, 2) => not (6, 0, 0)
-1818 -1817 0
c (6, 0, 2) => not (6, 0, 1)
-1816 55 0
c (6, 0, 0) => (6, 0)
-1816 56 0
c (6, 0, 0) => (6, 1)
-1816 57 0
c (6, 0, 0) => (6, 2)
-1816 58 0
c (6, 0, 0) => (6, 3)
-1816 59 0
c (6, 0, 0) => (6, 4)
-1816 60 0
c (6, 0, 0) => (6, 5)
-1816 -61 0
c (6, 0, 0) =>  not (6, 6)
-1817 56 0
c (6, 0, 1) => (6, 1)
-1817 57 0
c (6, 0, 1) => (6, 2)
-1817 58 0
c (6, 0, 1) => (6, 3)
-1817 59 0
c (6, 0, 1) => (6, 4)
-1817 60 0
c (6, 0, 1) => (6, 5)
-1817 61 0
c (6, 0, 1) => (6, 6)
-1817 -62 0
c (6, 0, 1) =>  not (6, 7)
-1818 57 0
c (6, 0, 2) => (6, 2)
-1818 58 0
c (6, 0, 2) => (6, 3)
-1818 59 0
c (6, 0, 2) => (6, 4)
-1818 60 0
c (6, 0, 2) => (6, 5)
-1818 61 0
c (6, 0, 2) => (6, 6)
-1818 62 0
c (6, 0, 2) => (6, 7)
2105 2106 2107 2108 2109 2110 2111 2112 0
c (7, 0, 0) or (7, 0, 1) or (7, 0, 2) or (7, 0, 3) or (7, 0, 4) or (7, 0, 5) or (7, 0, 6) or (7, 0, 7)
-2106 -2105 0
c (7, 0, 1) => not (7, 0, 0)
-2107 -2105 0
c (7, 0, 2) => not (7, 0, 0)
-2107 -2106 0
c (7, 0, 2) => not (7, 0, 1)
-2108 -2105 0
c (7, 0, 3) => not (7, 0, 0)
-2108 -2106 0
c (7, 0, 3) => not (7, 0, 1)
-2108 -2107 0
c (7, 0, 3) => not (7, 0, 2)
-2109 -2105 0
c (7, 0, 4) => not (7, 0, 0)
-2109 -2106 0
c (7, 0, 4) => not (7, 0, 1)
-2109 -2107 0
c (7, 0, 4) => not (7, 0, 2)
-2109 -2108 0
c (7, 0, 4) => not (7, 0, 3)
-2110 -2105 0
c (7, 0, 5) => not (7, 0, 0)
-2110 -2106 0
c (7, 0, 5) => not (7, 0, 1)
-2110 -2107 0
c (7, 0, 5) => not (7, 0, 2)
-2110 -2108 0
c (7, 0, 5) => not (7, 0, 3)
-2110 -2109 0
c (7, 0, 5) => not (7, 0, 4)
-2111 -2105 0
c (7, 0, 6) => not (7, 0, 0)
-2111 -2106 0
c (7, 0, 6) => not (7, 0, 1)
-2111 -2107 0
c (7, 0, 6) => not (7, 0, 2)
-2111 -2108 0
c (7, 0, 6) => not (7, 0, 3)
-2111 -2109 0
c (7, 0, 6) => not (7, 0, 4)
-2111 -2110 0
c (7, 0, 6) => not (7, 0, 5)
-2112 -2105 0
c (7, 0, 7) => not (7, 0, 0)
-2112 -2106 0
c (7, 0, 7) => not (7, 0, 1)
-2112 -2107 0
c (7, 0, 7) => not (7, 0, 2)
-2112 -2108 0
c (7, 0, 7) => not (7, 0, 3)
-2112 -2109 0
c (7, 0, 7) => not (7, 0, 4)
-2112 -2110 0
c (7, 0, 7) => not (7, 0, 5)
-2112 -2111 0
c (7, 0, 7) => not (7, 0, 6)
-2105 64 0
c (7, 0, 0) => (7, 0)
-2105 -65 0
c (7, 0, 0) =>  not (7, 1)
-2106 65 0
c (7, 0, 1) => (7, 1)
-2106 -66 0
c (7, 0, 1) =>  not (7, 2)
-2107 66 0
c (7, 0, 2) => (7, 2)
-2107 -67 0
c (7, 0, 2) =>  not (7, 3)
-2108 67 0
c (7, 0, 3) => (7, 3)
-2108 -68 0
c (7, 0, 3) =>  not (7, 4)
-2109 68 0
c (7, 0, 4) => (7, 4)
-2109 -69 0
c (7, 0, 4) =>  not (7, 5)
-2110 69 0
c (7, 0, 5) => (7, 5)
-2110 -70 0
c (7, 0, 5) =>  not (7, 6)
-2111 70 0
c (7, 0, 6) => (7, 6)
-2111 -71 0
c (7, 0, 6) =>  not (7, 7)
-2112 71 0
c (7, 0, 7) => (7, 7)
2394 2395 2396 2397 2398 2399 2400 0
c (8, 0, 0) or (8, 0, 1) or (8, 0, 2) or (8, 0, 3) or (8, 0, 4) or (8, 0, 5) or (8, 0, 6)
-2395 -2394 0
c (8, 0, 1) => not (8, 0, 0)
-2396 -2394 0
c (8, 0, 2) => not (8, 0, 0)
-2396 -2395 0
c (8, 0, 2) => not (8, 0, 1)
-2397 -2394 0
c (8, 0, 3) => not (8, 0, 0)
-2397 -2395 0
c (8, 0, 3) => not (8, 0, 1)
-2397 -2396 0
c (8, 0, 3) => not (8, 0, 2)
-2398 -2394 0
c (8, 0, 4) => not (8, 0, 0)
-2398 -2395 0
c (8, 0, 4) => not (8, 0, 1)
-2398 -2396 0
c (8, 0, 4) => not (8, 0, 2)
-2398 -2397 0
c (8, 0, 4) => not (8, 0, 3)
-2399 -2394 0
c (8, 0, 5) => not (8, 0, 0)
-2399 -2395 0
c (8, 0, 5) => not (8, 0, 1)
-2399 -2396 0
c (8, 0, 5) => not (8, 0, 2)
-2399 -2397 0
c (8, 0, 5) => not (8, 0, 3)
-2399 -2398 0
c (8, 0, 5) => not (8, 0, 4)
-2400 -2394 0
c (8, 0, 6) => not (8, 0, 0)
-2400 -2395 0
c (8, 0, 6) => not (8, 0, 1)
-2400 -2396 0
c (8, 0, 6) => not (8, 0, 2)
-2400 -2397 0
c (8, 0, 6) => not (8, 0, 3)
-2400 -2398 0
c (8, 0, 6) => not (8, 0, 4)
-2400 -2399 0
c (8, 0, 6) => not (8, 0, 5)
-2394 73 0
c (8, 0, 0) => (8, 0)
-2394 74 0
c (8, 0, 0) => (8, 1)
-2394 -75 0
c (8, 0, 0) =>  not (8, 2)
-2395 74 0
c (8, 0, 1) => (8, 1)
-2395 75 0
c (8, 0, 1) => (8, 2)
-2395 -76 0
c (8, 0, 1) =>  not (8, 3)
-2396 75 0
c (8, 0, 2) => (8, 2)
-2396 76 0
c (8, 0, 2) => (8, 3)
-2396 -77 0
c (8, 0, 2) =>  not (8, 4)
-2397 76 0
c (8, 0, 3) => (8, 3)
-2397 77 0
c (8, 0, 3) => (8, 4)
-2397 -78 0
c (8, 0, 3) =>  not (8, 5)
-2398 77 0
c (8, 0, 4) => (8, 4)
-2398 78 0
c (8, 0, 4) => (8, 5)
-2398 -79 0
c (8, 0, 4) =>  not (8, 6)
-2399 78 0
c (8, 0, 5) => (8, 5)
-2399 79 0
c (8, 0, 5) => (8, 6)
-2399 -80 0
c (8, 0, 5) =>  not (8, 7)
-2400 79 0
c (8, 0, 6) => (8, 6)
-2400 80 0
c (8, 0, 6) => (8, 7)
2683 2684 2685 2686 2687 2688 0
c (9, 0, 0) or (9, 0, 1) or (9, 0, 2) or (9, 0, 3) or (9, 0, 4) or (9, 0, 5)
-2684 -2683 0
c (9, 0, 1) => not (9, 0, 0)
-2685 -2683 0
c (9, 0, 2) => not (9, 0, 0)
-2685 -2684 0
c (9, 0, 2) => not (9, 0, 1)
-2686 -2683 0
c (9, 0, 3) => not (9, 0, 0)
-2686 -2684 0
c (9, 0, 3) => not (9, 0, 1)
-2686 -2685 0
c (9, 0, 3) => not (9, 0, 2)
-2687 -2683 0
c (9, 0, 4) => not (9, 0, 0)
-2687 -2684 0
c (9, 0, 4) => not (9, 0, 1)
-2687 -2685 0
c (9, 0, 4) => not (9, 0, 2)
-2687 -2686 0
c (9, 0, 4) => not (9, 0, 3)
-2688 -2683 0
c (9, 0, 5) => not (9, 0, 0)
-2688 -2684 0
c (9, 0, 5) => not (9, 0, 1)
-2688 -2685 0
c (9, 0, 5) => not (9, 0, 2)
-2688 -2686 0
c (9, 0, 5) => not (9, 0, 3)
-2688 -2687 0
c (9, 0, 5) => not (9, 0, 4)
-2683 -2700 0
c (9, 0, 0) => not (9, 1, 0)
-2683 -2701 0
c (9, 0, 0) => not (9, 1, 1)
-2684 -2701 0
c (9, 0, 1) => not (9, 1, 1)
-2684 -2702 0
c (9, 0, 1) => not (9, 1, 2)
-2685 -2702 0
c (9, 0, 2) => not (9, 1, 2)
-2685 -2703 0
c (9, 0, 2) => not (9, 1, 3)
-2686 -2703 0
c (9, 0, 3) => not (9, 1, 3)
-2686 -2704 0
c (9, 0, 3) => not (9, 1, 4)
-2687 -2704 0
c (9, 0, 4) => not (9, 1, 4)
-2687 -2705 0
c (9, 0, 4) => not (9, 1, 5)
-2688 -2705 0
c (9, 0, 5) => not (9, 1, 5)
-2688 -2706 0
c (9, 0, 5) => not (9, 1, 6)
-2683 1 0
c (9, 0, 0) => (0, 0)
-2683 -10 0
c (9, 0, 0) =>  not (1, 0)
-2684 10 0
c (9, 0, 1) => (1, 0)
-2684 -19 0
c (9, 0, 1) =>  not (2, 0)
-2685 19 0
c (9, 0, 2) => (2, 0)
-2685 -28 0
c (9, 0, 2) =>  not (3, 0)
-2686 28 0
c (9, 0, 3) => (3, 0)
-2686 -37 0
c (9, 0, 3) =>  not (4, 0)
-2687 37 0
c (9, 0, 4) => (4, 0)
-2687 -46 0
c (9, 0, 4) =>  not (5, 0)
-2688 46 0
c (9, 0, 5) => (5, 0)
-2688 -55 0
c (9, 0, 5) =>  not (6, 0)
2702 2703 2704 2705 2706 2707 0
c (9, 1, 2) or (9, 1, 3) or (9, 1, 4) or (9, 1, 5) or (9, 1, 6) or (9, 1, 7)
-2703 -2702 0
c (9, 1, 3) => not (9, 1, 2)
-2704 -2702 0
c (9, 1, 4) => not (9, 1, 2)
-2704 -2703 0
c (9, 1, 4) => not (9, 1, 3)
-2705 -2702 0
c (9, 1, 5) => not (9, 1, 2)
-2705 -2703 0
c (9, 1, 5) => not (9, 1, 3)
-2705 -2704 0
c (9, 1, 5) => not (9, 1, 4)
-2706 -2702 0
c (9, 1, 6) => not (9, 1, 2)
-2706 -2703 0
c (9, 1, 6) => not (9, 1, 3)
-2706 -2704 0
c (9, 1, 6) => not (9, 1, 4)
-2706 -2705 0
c (9, 1, 6) => not (9, 1, 5)
-2707 -2702 0
c (9, 1, 7) => not (9, 1, 2)
-2707 -2703 0
c (9, 1, 7) => not (9, 1, 3)
-2707 -2704 0
c (9, 1, 7) => not (9, 1, 4)
-2707 -2705 0
c (9, 1, 7) => not (9, 1, 5)
-2707 -2706 0
c (9, 1, 7) => not (9, 1, 6)
-2702 19 0
c (9, 1, 2) => (2, 0)
-2702 28 0
c (9, 1, 2) => (3, 0)
-2702 -37 0
c (9, 1, 2) =>  not (4, 0)
-2703 28 0
c (9, 1, 3) => (3, 0)
-2703 37 0
c (9, 1, 3) => (4, 0)
-2703 -46 0
c (9, 1, 3) =>  not (5, 0)
-2704 37 0
c (9, 1, 4) => (4, 0)
-2704 46 0
c (9, 1, 4) => (5, 0)
-2704 -55 0
c (9, 1, 4) =>  not (6, 0)
-2705 46 0
c (9, 1, 5) => (5, 0)
-2705 55 0
c (9, 1, 5) => (6, 0)
-2705 -64 0
c (9, 1, 5) =>  not (7, 0)
-2706 55 0
c (9, 1, 6) => (6, 0)
-2706 64 0
c (9, 1, 6) => (7, 0)
-2706 -73 0
c (9, 1, 6) =>  not (8, 0)
-2707 64 0
c (9, 1, 7) => (7, 0)
-2707 73 0
c (9, 1, 7) => (8, 0)
2972 2973 2974 2975 2976 0
c (10, 0, 0) or (10, 0, 1) or (10, 0, 2) or (10, 0, 3) or (10, 0, 4)
-2973 -2972 0
c (10, 0, 1) => not (10, 0, 0)
-2974 -2972 0
c (10, 0, 2) => not (10, 0, 0)
-2974 -2973 0
c (10, 0, 2) => not (10, 0, 1)
-2975 -2972 0
c (10, 0, 3) => not (10, 0, 0)
-2975 -2973 0
c (10, 0, 3) => not (10, 0, 1)
-2975 -2974 0
c (10, 0, 3) => not (10, 0, 2)
-2976 -2972 0
c (10, 0, 4) => not (10, 0, 0)
-2976 -2973 0
c (10, 0, 4) => not (10, 0, 1)
-2976 -2974 0
c (10, 0, 4) => not (10, 0, 2)
-2976 -2975 0
c (10, 0, 4) => not (10, 0, 3)
-2972 -2989 0
c (10, 0, 0) => not (10, 1, 0)
-2972 -2990 0
c (10, 0, 0) => not (10, 1, 1)
-2972 -2991 0
c (10, 0, 0) => not (10, 1, 2)
-2972 -2992 0
c (10, 0, 0) => not (10, 1, 3)
-2973 -2990 0
c (10, 0, 1) => not (10, 1, 1)
-2973 -2991 0
c (10, 0, 1) => not (10, 1, 2)
-2973 -2992 0
c (10, 0, 1) => not (10, 1, 3)
-2973 -2993 0
c (10, 0, 1) => not (10, 1, 4)
-2974 -2991 0
c (10, 0, 2) => not (10, 1, 2)
-2974 -2992 0
c (10, 0, 2) => not (10, 1, 3)
-2974 -2993 0
c (10, 0, 2) => not (10, 1, 4)
-2974 -2994 0
c (10, 0, 2) => not (10, 1, 5)
-2975 -2992 0
c (10, 0, 3) => not (10, 1, 3)
-2975 -2993 0
c (10, 0, 3) => not (10, 1, 4)
-2975 -2994 0
c (10, 0, 3) => not (10, 1, 5)
-2975 -2995 0
c (10, 0, 3) => not (10, 1, 6)
-2976 -2993 0
c (10, 0, 4) => not (10, 1, 4)
-2976 -2994 0
c (10, 0, 4) => not (10, 1, 5)
-2976 -2995 0
c (10, 0, 4) => not (10, 1, 6)
-2976 -2996 0
c (10, 0, 4) => not (10, 1, 7)
-2972 2 0
c (10, 0, 0) => (0, 1)
-2972 11 0
c (10, 0, 0) => (1, 1)
-2972 20 0
c (10, 0, 0) => (2, 1)
-2972 -29 0
c (10, 0, 0) =>  not (3, 1)
-2973 11 0
c (10, 0, 1) => (1, 1)
-2973 20 0
c (10, 0, 1) => (2, 1)
-2973 29 0
c (10, 0, 1) => (3, 1)
-2973 -38 0
c (10, 0, 1) =>  not (4, 1)
-2974 20 0
c (10, 0, 2) => (2, 1)
-2974 29 0
c (10, 0, 2) => (3, 1)
-2974 38 0
c (10, 0, 2) => (4, 1)
-2974 -47 0
c (10, 0, 2) =>  not (5, 1)
-2975 29 0
c (10, 0, 3) => (3, 1)
-2975 38 0
c (10, 0, 3) => (4, 1)
-2975 47 0
c (10, 0, 3) => (5, 1)
-2975 -56 0
c (10, 0, 3) =>  not (6, 1)
-2976 38 0
c (10, 0, 4) => (4, 1)
-2976 47 0
c (10, 0, 4) => (5, 1)
-2976 56 0
c (10, 0, 4) => (6, 1)
-2976 -65 0
c (10, 0, 4) =>  not (7, 1)
2993 2994 2995 2996 2997 0
c (10, 1, 4) or (10, 1, 5) or (10, 1, 6) or (10, 1, 7) or (10, 1, 8)
-2994 -2993 0
c (10, 1, 5) => not (10, 1, 4)
-2995 -2993 0
c (10, 1, 6) => not (10, 1, 4)
-2995 -2994 0
c (10, 1, 6) => not (10, 1, 5)
-2996 -2993 0
c (10, 1, 7) => not (10, 1, 4)
-2996 -2994 0
c (10, 1, 7) => not (10, 1, 5)
-2996 -2995 0
c (10, 1, 7) => not (10, 1, 6)
-2997 -2993 0
c (10, 1, 8) => not (10, 1, 4)
-2997 -2994 0
c (10, 1, 8) => not (10, 1, 5)
-2997 -2995 0
c (10, 1, 8) => not (10, 1, 6)
-2997 -2996 0
c (10, 1, 8) => not (10, 1, 7)
-2993 38 0
c (10, 1, 4) => (4, 1)
-2993 -47 0
c (10, 1, 4) =>  not (5, 1)
-2994 47 0
c (10, 1, 5) => (5, 1)
-2994 -56 0
c (10, 1, 5) =>  not (6, 1)
-2995 56 0
c (10, 1, 6) => (6, 1)
-2995 -65 0
c (10, 1, 6) =>  not (7, 1)
-2996 65 0
c (10, 1, 7) => (7, 1)
-2996 -74 0
c (10, 1, 7) =>  not (8, 1)
-2997 74 0
c (10, 1, 8) => (8, 1)
3261 3262 3263 0
c (11, 0, 0) or (11, 0, 1) or (11, 0, 2)
-3262 -3261 0
c (11, 0, 1) => not (11, 0, 0)
-3263 -3261 0
c (11, 0, 2) => not (11, 0, 0)
-3263 -3262 0
c (11, 0, 2) => not (11, 0, 1)
-3261 -3278 0
c (11, 0, 0) => not (11, 1, 0)
-3261 -3279 0
c (11, 0, 0) => not (11, 1, 1)
-3262 -3279 0
c (11, 0, 1) => not (11, 1, 1)
-3262 -3280 0
c (11, 0, 1) => not (11, 1, 2)
-3263 -3280 0
c (11, 0, 2) => not (11, 1, 2)
-3263 -3281 0
c (11, 0, 2) => not (11, 1, 3)
-3261 3 0
c (11, 0, 0) => (0, 2)
-3261 -12 0
c (11, 0, 0) =>  not (1, 2)
-3262 12 0
c (11, 0, 1) => (1, 2)
-3262 -21 0
c (11, 0, 1) =>  not (2, 2)
-3263 21 0
c (11, 0, 2) => (2, 2)
-3263 -30 0
c (11, 0, 2) =>  not (3, 2)
3280 3281 3282 0
c (11, 1, 2) or (11, 1, 3) or (11, 1, 4)
-3281 -3280 0
c (11, 1, 3) => not (11, 1, 2)
-3282 -3280 0
c (11, 1, 4) => not (11, 1, 2)
-3282 -3281 0
c (11, 1, 4) => not (11, 1, 3)
-3280 21 0
c (11, 1, 2) => (2, 2)
-3280 30 0
c (11, 1, 2) => (3, 2)
-3280 39 0
c (11, 1, 2) => (4, 2)
-3280 48 0
c (11, 1, 2) => (5, 2)
-3280 57 0
c (11, 1, 2) => (6, 2)
-3280 -66 0
c (11, 1, 2) =>  not (7, 2)
-3281 30 0
c (11, 1, 3) => (3, 2)
-3281 39 0
c (11, 1, 3) => (4, 2)
-3281 48 0
c (11, 1, 3) => (5, 2)
-3281 57 0
c (11, 1, 3) => (6, 2)
-3281 66 0
c (11, 1, 3) => (7, 2)
-3281 -75 0
c (11, 1, 3) =>  not (8, 2)
-3282 39 0
c (11, 1, 4) => (4, 2)
-3282 48 0
c (11, 1, 4) => (5, 2)
-3282 57 0
c (11, 1, 4) => (6, 2)
-3282 66 0
c (11, 1, 4) => (7, 2)
-3282 75 0
c (11, 1, 4) => (8, 2)
3550 0
c (12, 0, 0)
-3550 -3567 0
c (12, 0, 0) => not (12, 1, 0)
-3550 -3568 0
c (12, 0, 0) => not (12, 1, 1)
-3550 -3569 0
c (12, 0, 0) => not (12, 1, 2)
-3550 -3570 0
c (12, 0, 0) => not (12, 1, 3)
-3550 -3571 0
c (12, 0, 0) => not (12, 1, 4)
-3550 -3572 0
c (12, 0, 0) => not (12, 1, 5)
-3550 -3573 0
c (12, 0, 0) => not (12, 1, 6)
-3550 -3574 0
c (12, 0, 0) => not (12, 1, 7)
-3550 4 0
c (12, 0, 0) => (0, 3)
-3550 13 0
c (12, 0, 0) => (1, 3)
-3550 22 0
c (12, 0, 0) => (2, 3)
-3550 31 0
c (12, 0, 0) => (3, 3)
-3550 40 0
c (12, 0, 0) => (4, 3)
-3550 49 0
c (12, 0, 0) => (5, 3)
-3550 58 0
c (12, 0, 0) => (6, 3)
-3550 -67 0
c (12, 0, 0) =>  not (7, 3)
3575 0
c (12, 1, 8)
-3575 76 0
c (12, 1, 8) => (8, 3)
3839 3840 3841 3842 3843 0
c (13, 0, 0) or (13, 0, 1) or (13, 0, 2) or (13, 0, 3) or (13, 0, 4)
-3840 -3839 0
c (13, 0, 1) => not (13, 0, 0)
-3841 -3839 0
c (13, 0, 2) => not (13, 0, 0)
-3841 -3840 0
c (13, 0, 2) => not (13, 0, 1)
-3842 -3839 0
c (13, 0, 3) => not (13, 0, 0)
-3842 -3840 0
c (13, 0, 3) => not (13, 0, 1)
-3842 -3841 0
c (13, 0, 3) => not (13, 0, 2)
-3843 -3839 0
c (13, 0, 4) => not (13, 0, 0)
-3843 -3840 0
c (13, 0, 4) => not (13, 0, 1)
-3843 -3841 0
c (13, 0, 4) => not (13, 0, 2)
-3843 -3842 0
c (13, 0, 4) => not (13, 0, 3)
-3839 5 0
c (13, 0, 0) => (0, 4)
-3839 14 0
c (13, 0, 0) => (1, 4)
-3839 23 0
c (13, 0, 0) => (2, 4)
-3839 32 0
c (13, 0, 0) => (3, 4)
-3839 41 0
c (13, 0, 0) => (4, 4)
-3839 -50 0
c (13, 0, 0) =>  not (5, 4)
-3840 14 0
c (13, 0, 1) => (1, 4)
-3840 23 0
c (13, 0, 1) => (2, 4)
-3840 32 0
c (13, 0, 1) => (3, 4)
-3840 41 0
c (13, 0, 1) => (4, 4)
-3840 50 0
c (13, 0, 1) => (5, 4)
-3840 -59 0
c (13, 0, 1) =>  not (6, 4)
-3841 23 0
c (13, 0, 2) => (2, 4)
-3841 32 0
c (13, 0, 2) => (3, 4)
-3841 41 0
c (13, 0, 2) => (4, 4)
-3841 50 0
c (13, 0, 2) => (5, 4)
-3841 59 0
c (13, 0, 2) => (6, 4)
-3841 -68 0
c (13, 0, 2) =>  not (7, 4)
-3842 32 0
c (13, 0, 3) => (3, 4)
-3842 41 0
c (13, 0, 3) => (4, 4)
-3842 50 0
c (13, 0, 3) => (5, 4)
-3842 59 0
c (13, 0, 3) => (6, 4)
-3842 68 0
c (13, 0, 3) => (7, 4)
-3842 -77 0
c (13, 0, 3) =>  not (8, 4)
-3843 41 0
c (13, 0, 4) => (4, 4)
-3843 50 0
c (13, 0, 4) => (5, 4)
-3843 59 0
c (13, 0, 4) => (6, 4)
-3843 68 0
c (13, 0, 4) => (7, 4)
-3843 77 0
c (13, 0, 4) => (8, 4)
4128 4129 4130 4131 4132 4133 4134 0
c (14, 0, 0) or (14, 0, 1) or (14, 0, 2) or (14, 0, 3) or (14, 0, 4) or (14, 0, 5) or (14, 0, 6)
-4129 -4128 0
c (14, 0, 1) => not (14, 0, 0)
-4130 -4128 0
c (14, 0, 2) => not (14, 0, 0)
-4130 -4129 0
c (14, 0, 2) => not (14, 0, 1)
-4131 -4128 0
c (14, 0, 3) => not (14, 0, 0)
-4131 -4129 0
c (14, 0, 3) => not (14, 0, 1)
-4131 -4130 0
c (14, 0, 3) => not (14, 0, 2)
-4132 -4128 0
c (14, 0, 4) => not (14, 0, 0)
-4132 -4129 0
c (14, 0, 4) => not (14, 0, 1)
-4132 -4130 0
c (14, 0, 4) => not (14, 0, 2)
-4132 -4131 0
c (14, 0, 4) => not (14, 0, 3)
-4133 -4128 0
c (14, 0, 5) => not (14, 0, 0)
-4133 -4129 0
c (14, 0, 5) => not (14, 0, 1)
-4133 -4130 0
c (14, 0, 5) => not (14, 0, 2)
-4133 -4131 0
c (14, 0, 5) => not (14, 0, 3)
-4133 -4132 0
c (14, 0, 5) => not (14, 0, 4)
-4134 -4128 0
c (14, 0, 6) => not (14, 0, 0)
-4134 -4129 0
c (14, 0, 6) => not (14, 0, 1)
-4134 -4130 0
c (14, 0, 6) => not (14, 0, 2)
-4134 -4131 0
c (14, 0, 6) => not (14, 0, 3)
-4134 -4132 0
c (14, 0, 6) => not (14, 0, 4)
-4134 -4133 0
c (14, 0, 6) => not (14, 0, 5)
-4128 6 0
c (14, 0, 0) => (0, 5)
-4128 15 0
c (14, 0, 0) => (1, 5)
-4128 24 0
c (14, 0, 0) => (2, 5)
-4128 -33 0
c (14, 0, 0) =>  not (3, 5)
-4129 15 0
c (14, 0, 1) => (1, 5)
-4129 24 0
c (14, 0, 1) => (2, 5)
-4129 33 0
c (14, 0, 1) => (3, 5)
-4129 -42 0
c (14, 0, 1) =>  not (4, 5)
-4130 24 0
c (14, 0, 2) => (2, 5)
-4130 33 0
c (14, 0, 2) => (3, 5)
-4130 42 0
c (14, 0, 2) => (4, 5)
-4130 -51 0
c (14, 0, 2) =>  not (5, 5)
-4131 33 0
c (14, 0, 3) => (3, 5)
-4131 42 0
c (14, 0, 3) => (4, 5)
-4131 51 0
c (14, 0, 3) => (5, 5)
-4131 -60 0
c (14, 0, 3) =>  not (6, 5)
-4132 42 0
c (14, 0, 4) => (4, 5)
-4132 51 0
c (14, 0, 4) => (5, 5)
-4132 60 0
c (14, 0, 4) => (6, 5)
-4132 -69 0
c (14, 0, 4) =>  not (7, 5)
-4133 51 0
c (14, 0, 5) => (5, 5)
-4133 60 0
c (14, 0, 5) => (6, 5)
-4133 69 0
c (14, 0, 5) => (7, 5)
-4133 -78 0
c (14, 0, 5) =>  not (8, 5)
-4134 60 0
c (14, 0, 6) => (6, 5)
-4134 69 0
c (14, 0, 6) => (7, 5)
-4134 78 0
c (14, 0, 6) => (8, 5)
4417 4418 4419 4420 4421 4422 0
c (15, 0, 0) or (15, 0, 1) or (15, 0, 2) or (15, 0, 3) or (15, 0, 4) or (15, 0, 5)
-4418 -4417 0
c (15, 0, 1) => not (15, 0, 0)
-4419 -4417 0
c (15, 0, 2) => not (15, 0, 0)
-4419 -4418 0
c (15, 0, 2) => not (15, 0, 1)
-4420 -4417 0
c (15, 0, 3) => not (15, 0, 0)
-4420 -4418 0
c (15, 0, 3) => not (15, 0, 1)
-4420 -4419 0
c (15, 0, 3) => not (15, 0, 2)
-4421 -4417 0
c (15, 0, 4) => not (15, 0, 0)
-4421 -4418 0
c (15, 0, 4) => not (15, 0, 1)
-4421 -4419 0
c (15, 0, 4) => not (15, 0, 2)
-4421 -4420 0
c (15, 0, 4) => not (15, 0, 3)
-4422 -4417 0
c (15, 0, 5) => not (15, 0, 0)
-4422 -4418 0
c (15, 0, 5) => not (15, 0, 1)
-4422 -4419 0
c (15, 0, 5) => not (15, 0, 2)
-4422 -4420 0
c (15, 0, 5) => not (15, 0, 3)
-4422 -4421 0
c (15, 0, 5) => not (15, 0, 4)
-4417 7 0
c (15, 0, 0) => (0, 6)
-4417 16 0
c (15, 0, 0) => (1, 6)
-4417 25 0
c (15, 0, 0) => (2, 6)
-4417 34 0
c (15, 0, 0) => (3, 6)
-4417 -43 0
c (15, 0, 0) =>  not (4, 6)
-4418 16 0
c (15, 0, 1) => (1, 6)
-4418 25 0
c (15, 0, 1) => (2, 6)
-4418 34 0
c (15, 0, 1) => (3, 6)
-4418 43 0
c (15, 0, 1) => (4, 6)
-4418 -52 0
c (15, 0, 1) =>  not (5, 6)
-4419 25 0
c (15, 0, 2) => (2, 6)
-4419 34 0
c (15, 0, 2) => (3, 6)
-4419 43 0
c (15, 0, 2) => (4, 6)
-4419 52 0
c (15, 0, 2) => (5, 6)
-4419 -61 0
c (15, 0, 2) =>  not (6, 6)
-4420 34 0
c (15, 0, 3) => (3, 6)
-4420 43 0
c (15, 0, 3) => (4, 6)
-4420 52 0
c (15, 0, 3) => (5, 6)
-4420 61 0
c (15, 0, 3) => (6, 6)
-4420 -70 0
c (15, 0, 3) =>  not (7, 6)
-4421 43 0
c (15, 0, 4) => (4, 6)
-4421 52 0
c (15, 0, 4) => (5, 6)
-4421 61 0
c (15, 0, 4) => (6, 6)
-4421 70 0
c (15, 0, 4) => (7, 6)
-4421 -79 0
c (15, 0, 4) =>  not (8, 6)
-4422 52 0
c (15, 0, 5) => (5, 6)
-4422 61 0
c (15, 0, 5) => (6, 6)
-4422 70 0
c (15, 0, 5) => (7, 6)
-4422 79 0
c (15, 0, 5) => (8, 6)
4706 4707 4708 4709 4710 4711 4712 0
c (16, 0, 0) or (16, 0, 1) or (16, 0, 2) or (16, 0, 3) or (16, 0, 4) or (16, 0, 5) or (16, 0, 6)
-4707 -4706 0
c (16, 0, 1) => not (16, 0, 0)
-4708 -4706 0
c (16, 0, 2) => not (16, 0, 0)
-4708 -4707 0
c (16, 0, 2) => not (16, 0, 1)
-4709 -4706 0
c (16, 0, 3) => not (16, 0, 0)
-4709 -4707 0
c (16, 0, 3) => not (16, 0, 1)
-4709 -4708 0
c (16, 0, 3) => not (16, 0, 2)
-4710 -4706 0
c (16, 0, 4) => not (16, 0, 0)
-4710 -4707 0
c (16, 0, 4) => not (16, 0, 1)
-4710 -4708 0
c (16, 0, 4) => not (16, 0, 2)
-4710 -4709 0
c (16, 0, 4) => not (16, 0, 3)
-4711 -4706 0
c (16, 0, 5) => not (16, 0, 0)
-4711 -4707 0
c (16, 0, 5) => not (16, 0, 1)
-4711 -4708 0
c (16, 0, 5) => not (16, 0, 2)
-4711 -4709 0
c (16, 0, 5) => not (16, 0, 3)
-4711 -4710 0
c (16, 0, 5) => not (16, 0, 4)
-4712 -4706 0
c (16, 0, 6) => not (16, 0, 0)
-4712 -4707 0
c (16, 0, 6) => not (16, 0, 1)
-4712 -4708 0
c (16, 0, 6) => not (16, 0, 2)
-4712 -4709 0
c (16, 0, 6) => not (16, 0, 3)
-4712 -4710 0
c (16, 0, 6) => not (16, 0, 4)
-4712 -4711 0
c (16, 0, 6) => not (16, 0, 5)
-4706 8 0
c (16, 0, 0) => (0, 7)
-4706 17 0
c (16, 0, 0) => (1, 7)
-4706 26 0
c (16, 0, 0) => (2, 7)
-4706 -35 0
c (16, 0, 0) =>  not (3, 7)
-4707 17 0
c (16, 0, 1) => (1, 7)
-4707 26 0
c (16, 0, 1) => (2, 7)
-4707 35 0
c (16, 0, 1) => (3, 7)
-4707 -44 0
c (16, 0, 1) =>  not (4, 7)
-4708 26 0
c (16, 0, 2) => (2, 7)
-4708 35 0
c (16, 0, 2) => (3, 7)
-4708 44 0
c (16, 0, 2) => (4, 7)
-4708 -53 0
c (16, 0, 2) =>  not (5, 7)
-4709 35 0
c (16, 0, 3) => (3, 7)
-4709 44 0
c (16, 0, 3) => (4, 7)
-4709 53 0
c (16, 0, 3) => (5, 7)
-4709 -62 0
c (16, 0, 3) =>  not (6, 7)
-4710 44 0
c (16, 0, 4) => (4, 7)
-4710 53 0
c (16, 0, 4) => (5, 7)
-4710 62 0
c (16, 0, 4) => (6, 7)
-4710 -71 0
c (16, 0, 4) =>  not (7, 7)
-4711 53 0
c (16, 0, 5) => (5, 7)
-4711 62 0
c (16, 0, 5) => (6, 7)
-4711 71 0
c (16, 0, 5) => (7, 7)
-4711 -80 0
c (16, 0, 5) =>  not (8, 7)
-4712 62 0
c (16, 0, 6) => (6, 7)
-4712 71 0
c (16, 0, 6) => (7, 7)
-4712 80 0
c (16, 0, 6) => (8, 7)
-1 82 0
c (0, 0) => (0, 0, 0)
-1 2683 0
c (0, 0) => (9, 0, 0)
-2 83 82 0
c (0, 1) => (0, 0, 1) or (0, 0, 0)
-2 2972 0
c (0, 1) => (10, 0, 0)
-3 84 83 82 0
c (0, 2) => (0, 0, 2) or (0, 0, 1) or (0, 0, 0)
-3 3261 0
c (0, 2) => (11, 0, 0)
-4 85 84 83 0
c (0, 3) => (0, 0, 3) or (0, 0, 2) or (0, 0, 1)
-4 3550 0
c (0, 3) => (12, 0, 0)
-5 86 85 84 0
c (0, 4) => (0, 0, 4) or (0, 0, 3) or (0, 0, 2)
-5 3839 0
c (0, 4) => (13, 0, 0)
-6 87 86 85 0
c (0, 5) => (0, 0, 5) or (0, 0, 4) or (0, 0, 3)
-6 4128 0
c (0, 5) => (14, 0, 0)
-7 87 86 0
c (0, 6) => (0, 0, 5) or (0, 0, 4)
-7 4417 0
c (0, 6) => (15, 0, 0)
-8 87 0
c (0, 7) => (0, 0, 5)
-8 4706 0
c (0, 7) => (16, 0, 0)
-10 371 0
c (1, 0) => (1, 0, 0)
-10 2684 0
c (1, 0) => (9, 0, 1)
-11 372 371 0
c (1, 1) => (1, 0, 1) or (1, 0, 0)
-11 2973 2972 0
c (1, 1) => (10, 0, 1) or (10, 0, 0)
-12 373 372 0
c (1, 2) => (1, 0, 2) or (1, 0, 1)
-12 3262 0
c (1, 2) => (11, 0, 1)
-13 374 373 391 0
c (1, 3) => (1, 0, 3) or (1, 0, 2) or (1, 1, 3)
-13 3550 0
c (1, 3) => (12, 0, 0)
-14 375 374 392 0
c (1, 4) => (1, 0, 4) or (1, 0, 3) or (1, 1, 4)
-14 3840 3839 0
c (1, 4) => (13, 0, 1) or (13, 0, 0)
-15 375 393 0
c (1, 5) => (1, 0, 4) or (1, 1, 5)
-15 4129 4128 0
c (1, 5) => (14, 0, 1) or (14, 0, 0)
-16 394 0
c (1, 6) => (1, 1, 6)
-16 4418 4417 0
c (1, 6) => (15, 0, 1) or (15, 0, 0)
-17 395 0
c (1, 7) => (1, 1, 7)
-17 4707 4706 0
c (1, 7) => (16, 0, 1) or (16, 0, 0)
-19 660 0
c (2, 0) => (2, 0, 0)
-19 2685 2702 0
c (2, 0) => (9, 0, 2) or (9, 1, 2)
-20 661 660 0
c (2, 1) => (2, 0, 1) or (2, 0, 0)
-20 2974 2973 2972 0
c (2, 1) => (10, 0, 2) or (10, 0, 1) or (10, 0, 0)
-21 662 661 660 0
c (2, 2) => (2, 0, 2) or (2, 0, 1) or (2, 0, 0)
-21 3263 3280 0
c (2, 2) => (11, 0, 2) or (11, 1, 2)
-22 662 661 0
c (2, 3) => (2, 0, 2) or (2, 0, 1)
-22 3550 0
c (2, 3) => (12, 0, 0)
-23 662 681 0
c (2, 4) => (2, 0, 2) or (2, 1, 4)
-23 3841 3840 3839 0
c (2, 4) => (13, 0, 2) or (13, 0, 1) or (13, 0, 0)
-24 682 681 0
c (2, 5) => (2, 1, 5) or (2, 1, 4)
-24 4130 4129 4128 0
c (2, 5) => (14, 0, 2) or (14, 0, 1) or (14, 0, 0)
-25 683 682 0
c (2, 6) => (2, 1, 6) or (2, 1, 5)
-25 4419 4418 4417 0
c (2, 6) => (15, 0, 2) or (15, 0, 1) or (15, 0, 0)
-26 683 0
c (2, 7) => (2, 1, 6)
-26 4708 4707 4706 0
c (2, 7) => (16, 0, 2) or (16, 0, 1) or (16, 0, 0)
-28 949 0
c (3, 0) => (3, 0, 0)
-28 2686 2703 2702 0
c (3, 0) => (9, 0, 3) or (9, 1, 3) or (9, 1, 2)
-29 950 949 0
c (3, 1) => (3, 0, 1) or (3, 0, 0)
-29 2975 2974 2973 0
c (3, 1) => (10, 0, 3) or (10, 0, 2) or (10, 0, 1)
-30 951 950 0
c (3, 2) => (3, 0, 2) or (3, 0, 1)
-30 3281 3280 0
c (3, 2) => (11, 1, 3) or (11, 1, 2)
-31 952 951 969 0
c (3, 3) => (3, 0, 3) or (3, 0, 2) or (3, 1, 3)
-31 3550 0
c (3, 3) => (12, 0, 0)
-32 952 970 969 0
c (3, 4) => (3, 0, 3) or (3, 1, 4) or (3, 1, 3)
-32 3842 3841 3840 3839 0
c (3, 4) => (13, 0, 3) or (13, 0, 2) or (13, 0, 1) or (13, 0, 0)
-33 971 970 0
c (3, 5) => (3, 1, 5) or (3, 1, 4)
-33 4131 4130 4129 0
c (3, 5) => (14, 0, 3) or (14, 0, 2) or (14, 0, 1)
-34 972 971 0
c (3, 6) => (3, 1, 6) or (3, 1, 5)
-34 4420 4419 4418 4417 0
c (3, 6) => (15, 0, 3) or (15, 0, 2) or (15, 0, 1) or (15, 0, 0)
-35 972 0
c (3, 7) => (3, 1, 6)
-35 4709 4708 4707 0
c (3, 7) => (16, 0, 3) or (16, 0, 2) or (16, 0, 1)
-37 1238 0
c (4, 0) => (4, 0, 0)
-37 2687 2704 2703 0
c (4, 0) => (9, 0, 4) or (9, 1, 4) or (9, 1, 3)
-38 1239 1238 0
c (4, 1) => (4, 0, 1) or (4, 0, 0)
-38 2976 2975 2974 2993 0
c (4, 1) => (10, 0, 4) or (10, 0, 3) or (10, 0, 2) or (10, 1, 4)
-39 1240 1239 1238 0
c (4, 2) => (4, 0, 2) or (4, 0, 1) or (4, 0, 0)
-39 3282 3281 3280 0
c (4, 2) => (11, 1, 4) or (11, 1, 3) or (11, 1, 2)
-40 1240 1239 1238 0
c (4, 3) => (4, 0, 2) or (4, 0, 1) or (4, 0, 0)
-40 3550 0
c (4, 3) => (12, 0, 0)
-41 1240 1239 1238 0
c (4, 4) => (4, 0, 2) or (4, 0, 1) or (4, 0, 0)
-41 3843 3842 3841 3840 3839 0
c (4, 4) => (13, 0, 4) or (13, 0, 3) or (13, 0, 2) or (13, 0, 1) or (13, 0, 0)
-42 1240 1239 1238 0
c (4, 5) => (4, 0, 2) or (4, 0, 1) or (4, 0, 0)
-42 4132 4131 4130 0
c (4, 5) => (14, 0, 4) or (14, 0, 3) or (14, 0, 2)
-43 1240 1239 0
c (4, 6) => (4, 0, 2) or (4, 0, 1)
-43 4421 4420 4419 4418 0
c (4, 6) => (15, 0, 4) or (15, 0, 3) or (15, 0, 2) or (15, 0, 1)
-44 1240 0
c (4, 7) => (4, 0, 2)
-44 4710 4709 4708 0
c (4, 7) => (16, 0, 4) or (16, 0, 3) or (16, 0, 2)
-46 1527 0
c (5, 0) => (5, 0, 0)
-46 2688 2705 2704 0
c (5, 0) => (9, 0, 5) or (9, 1, 5) or (9, 1, 4)
-47 1528 0
c (5, 1) => (5, 0, 1)
-47 2976 2975 2994 0
c (5, 1) => (10, 0, 4) or (10, 0, 3) or (10, 1, 5)
-48 1546 0
c (5, 2) => (5, 1, 2)
-48 3282 3281 3280 0
c (5, 2) => (11, 1, 4) or (11, 1, 3) or (11, 1, 2)
-49 1547 1546 0
c (5, 3) => (5, 1, 3) or (5, 1, 2)
-49 3550 0
c (5, 3) => (12, 0, 0)
-50 1547 1546 0
c (5, 4) => (5, 1, 3) or (5, 1, 2)
-50 3843 3842 3841 3840 0
c (5, 4) => (13, 0, 4) or (13, 0, 3) or (13, 0, 2) or (13, 0, 1)
-51 1547 1546 0
c (5, 5) => (5, 1, 3) or (5, 1, 2)
-51 4133 4132 4131 0
c (5, 5) => (14, 0, 5) or (14, 0, 4) or (14, 0, 3)
-52 1547 1546 0
c (5, 6) => (5, 1, 3) or (5, 1, 2)
-52 4422 4421 4420 4419 0
c (5, 6) => (15, 0, 5) or (15, 0, 4) or (15, 0, 3) or (15, 0, 2)
-53 1547 0
c (5, 7) => (5, 1, 3)
-53 4711 4710 4709 0
c (5, 7) => (16, 0, 5) or (16, 0, 4) or (16, 0, 3)
-55 1816 0
c (6, 0) => (6, 0, 0)
-55 2706 2705 0
c (6, 0) => (9, 1, 6) or (9, 1, 5)
-56 1817 1816 0
c (6, 1) => (6, 0, 1) or (6, 0, 0)
-56 2976 2995 0
c (6, 1) => (10, 0, 4) or (10, 1, 6)
-57 1818 1817 1816 0
c (6, 2) => (6, 0, 2) or (6, 0, 1) or (6, 0, 0)
-57 3282 3281 3280 0
c (6, 2) => (11, 1, 4) or (11, 1, 3) or (11, 1, 2)
-58 1818 1817 1816 0
c (6, 3) => (6, 0, 2) or (6, 0, 1) or (6, 0, 0)
-58 3550 0
c (6, 3) => (12, 0, 0)
-59 1818 1817 1816 0
c (6, 4) => (6, 0, 2) or (6, 0, 1) or (6, 0, 0)
-59 3843 3842 3841 0
c (6, 4) => (13, 0, 4) or (13, 0, 3) or (13, 0, 2)
-60 1818 1817 1816 0
c (6, 5) => (6, 0, 2) or (6, 0, 1) or (6, 0, 0)
-60 4134 4133 4132 0
c (6, 5) => (14, 0, 6) or (14, 0, 5) or (14, 0, 4)
-61 1818 1817 0
c (6, 6) => (6, 0, 2) or (6, 0, 1)
-61 4422 4421 4420 0
c (6, 6) => (15, 0, 5) or (15, 0, 4) or (15, 0, 3)
-62 1818 0
c (6, 7) => (6, 0, 2)
-62 4712 4711 4710 0
c (6, 7) => (16, 0, 6) or (16, 0, 5) or (16, 0, 4)
-64 2105 0
c (7, 0) => (7, 0, 0)
-64 2707 2706 0
c (7, 0) => (9, 1, 7) or (9, 1, 6)
-65 2106 0
c (7, 1) => (7, 0, 1)
-65 2996 0
c (7, 1) => (10, 1, 7)
-66 2107 0
c (7, 2) => (7, 0, 2)
-66 3282 3281 0
c (7, 2) => (11, 1, 4) or (11, 1, 3)
-67 2108 0
c (7, 3) => (7, 0, 3)
-67 0
c (7, 3)
-68 2109 0
c (7, 4) => (7, 0, 4)
-68 3843 3842 0
c (7, 4) => (13, 0, 4) or (13, 0, 3)
-69 2110 0
c (7, 5) => (7, 0, 5)
-69 4134 4133 0
c (7, 5) => (14, 0, 6) or (14, 0, 5)
-70 2111 0
c (7, 6) => (7, 0, 6)
-70 4422 4421 0
c (7, 6) => (15, 0, 5) or (15, 0, 4)
-71 2112 0
c (7, 7) => (7, 0, 7)
-71 4712 4711 0
c (7, 7) => (16, 0, 6) or (16, 0, 5)
-73 2394 0
c (8, 0) => (8, 0, 0)
-73 2707 0
c (8, 0) => (9, 1, 7)
-74 2395 2394 0
c (8, 1) => (8, 0, 1) or (8, 0, 0)
-74 2997 0
c (8, 1) => (10, 1, 8)
-75 2396 2395 0
c (8, 2) => (8, 0, 2) or (8, 0, 1)
-75 3282 0
c (8, 2) => (11, 1, 4)
-76 2397 2396 0
c (8, 3) => (8, 0, 3) or (8, 0, 2)
-76 3575 0
c (8, 3) => (12, 1, 8)
-77 2398 2397 0
c (8, 4) => (8, 0, 4) or (8, 0, 3)
-77 3843 0
c (8, 4) => (13, 0, 4)
-78 2399 2398 0
c (8, 5) => (8, 0, 5) or (8, 0, 4)
-78 4134 0
c (8, 5) => (14, 0, 6)
-79 2400 2399 0
c (8, 6) => (8, 0, 6) or (8, 0, 5)
-79 4422 0
c (8, 6) => (15, 0, 5)
-80 2400 0
c (8, 7) => (8, 0, 6)
-80 4712 0
c (8, 7) => (16, 0, 6)
