c sudoku_6.txt : Latin Square CNF file python generated.
1 2 3 4 5 6 0
-1 -2 0
-1 -3 0
-2 -3 0
-1 -4 0
-2 -4 0
-3 -4 0
-1 -5 0
-2 -5 0
-3 -5 0
-4 -5 0
-1 -6 0
-2 -6 0
-3 -6 0
-4 -6 0
-5 -6 0
7 8 9 10 11 12 0
-7 -8 0
-7 -9 0
-8 -9 0
-7 -10 0
-8 -10 0
-9 -10 0
-7 -11 0
-8 -11 0
-9 -11 0
-10 -11 0
-7 -12 0
-8 -12 0
-9 -12 0
-10 -12 0
-11 -12 0
13 14 15 16 17 18 0
-13 -14 0
-13 -15 0
-14 -15 0
-13 -16 0
-14 -16 0
-15 -16 0
-13 -17 0
-14 -17 0
-15 -17 0
-16 -17 0
-13 -18 0
-14 -18 0
-15 -18 0
-16 -18 0
-17 -18 0
19 20 21 22 23 24 0
-19 -20 0
-19 -21 0
-20 -21 0
-19 -22 0
-20 -22 0
-21 -22 0
-19 -23 0
-20 -23 0
-21 -23 0
-22 -23 0
-19 -24 0
-20 -24 0
-21 -24 0
-22 -24 0
-23 -24 0
25 26 27 28 29 30 0
-25 -26 0
-25 -27 0
-26 -27 0
-25 -28 0
-26 -28 0
-27 -28 0
-25 -29 0
-26 -29 0
-27 -29 0
-28 -29 0
-25 -30 0
-26 -30 0
-27 -30 0
-28 -30 0
-29 -30 0
31 32 33 34 35 36 0
-31 -32 0
-31 -33 0
-32 -33 0
-31 -34 0
-32 -34 0
-33 -34 0
-31 -35 0
-32 -35 0
-33 -35 0
-34 -35 0
-31 -36 0
-32 -36 0
-33 -36 0
-34 -36 0
-35 -36 0
37 38 39 40 41 42 0
-37 -38 0
-37 -39 0
-38 -39 0
-37 -40 0
-38 -40 0
-39 -40 0
-37 -41 0
-38 -41 0
-39 -41 0
-40 -41 0
-37 -42 0
-38 -42 0
-39 -42 0
-40 -42 0
-41 -42 0
43 44 45 46 47 48 0
-43 -44 0
-43 -45 0
-44 -45 0
-43 -46 0
-44 -46 0
-45 -46 0
-43 -47 0
-44 -47 0
-45 -47 0
-46 -47 0
-43 -48 0
-44 -48 0
-45 -48 0
-46 -48 0
-47 -48 0
49 50 51 52 53 54 0
-49 -50 0
-49 -51 0
-50 -51 0
-49 -52 0
-50 -52 0
-51 -52 0
-49 -53 0
-50 -53 0
-51 -53 0
-52 -53 0
-49 -54 0
-50 -54 0
-51 -54 0
-52 -54 0
-53 -54 0
55 56 57 58 59 60 0
-55 -56 0
-55 -57 0
-56 -57 0
-55 -58 0
-56 -58 0
-57 -58 0
-55 -59 0
-56 -59 0
-57 -59 0
-58 -59 0
-55 -60 0
-56 -60 0
-57 -60 0
-58 -60 0
-59 -60 0
61 62 63 64 65 66 0
-61 -62 0
-61 -63 0
-62 -63 0
-61 -64 0
-62 -64 0
-63 -64 0
-61 -65 0
-62 -65 0
-63 -65 0
-64 -65 0
-61 -66 0
-62 -66 0
-63 -66 0
-64 -66 0
-65 -66 0
67 68 69 70 71 72 0
-67 -68 0
-67 -69 0
-68 -69 0
-67 -70 0
-68 -70 0
-69 -70 0
-67 -71 0
-68 -71 0
-69 -71 0
-70 -71 0
-67 -72 0
-68 -72 0
-69 -72 0
-70 -72 0
-71 -72 0
73 74 75 76 77 78 0
-73 -74 0
-73 -75 0
-74 -75 0
-73 -76 0
-74 -76 0
-75 -76 0
-73 -77 0
-74 -77 0
-75 -77 0
-76 -77 0
-73 -78 0
-74 -78 0
-75 -78 0
-76 -78 0
-77 -78 0
79 80 81 82 83 84 0
-79 -80 0
-79 -81 0
-80 -81 0
-79 -82 0
-80 -82 0
-81 -82 0
-79 -83 0
-80 -83 0
-81 -83 0
-82 -83 0
-79 -84 0
-80 -84 0
-81 -84 0
-82 -84 0
-83 -84 0
85 86 87 88 89 90 0
-85 -86 0
-85 -87 0
-86 -87 0
-85 -88 0
-86 -88 0
-87 -88 0
-85 -89 0
-86 -89 0
-87 -89 0
-88 -89 0
-85 -90 0
-86 -90 0
-87 -90 0
-88 -90 0
-89 -90 0
91 92 93 94 95 96 0
-91 -92 0
-91 -93 0
-92 -93 0
-91 -94 0
-92 -94 0
-93 -94 0
-91 -95 0
-92 -95 0
-93 -95 0
-94 -95 0
-91 -96 0
-92 -96 0
-93 -96 0
-94 -96 0
-95 -96 0
97 98 99 100 101 102 0
-97 -98 0
-97 -99 0
-98 -99 0
-97 -100 0
-98 -100 0
-99 -100 0
-97 -101 0
-98 -101 0
-99 -101 0
-100 -101 0
-97 -102 0
-98 -102 0
-99 -102 0
-100 -102 0
-101 -102 0
103 104 105 106 107 108 0
-103 -104 0
-103 -105 0
-104 -105 0
-103 -106 0
-104 -106 0
-105 -106 0
-103 -107 0
-104 -107 0
-105 -107 0
-106 -107 0
-103 -108 0
-104 -108 0
-105 -108 0
-106 -108 0
-107 -108 0
109 110 111 112 113 114 0
-109 -110 0
-109 -111 0
-110 -111 0
-109 -112 0
-110 -112 0
-111 -112 0
-109 -113 0
-110 -113 0
-111 -113 0
-112 -113 0
-109 -114 0
-110 -114 0
-111 -114 0
-112 -114 0
-113 -114 0
115 116 117 118 119 120 0
-115 -116 0
-115 -117 0
-116 -117 0
-115 -118 0
-116 -118 0
-117 -118 0
-115 -119 0
-116 -119 0
-117 -119 0
-118 -119 0
-115 -120 0
-116 -120 0
-117 -120 0
-118 -120 0
-119 -120 0
121 122 123 124 125 126 0
-121 -122 0
-121 -123 0
-122 -123 0
-121 -124 0
-122 -124 0
-123 -124 0
-121 -125 0
-122 -125 0
-123 -125 0
-124 -125 0
-121 -126 0
-122 -126 0
-123 -126 0
-124 -126 0
-125 -126 0
127 128 129 130 131 132 0
-127 -128 0
-127 -129 0
-128 -129 0
-127 -130 0
-128 -130 0
-129 -130 0
-127 -131 0
-128 -131 0
-129 -131 0
-130 -131 0
-127 -132 0
-128 -132 0
-129 -132 0
-130 -132 0
-131 -132 0
133 134 135 136 137 138 0
-133 -134 0
-133 -135 0
-134 -135 0
-133 -136 0
-134 -136 0
-135 -136 0
-133 -137 0
-134 -137 0
-135 -137 0
-136 -137 0
-133 -138 0
-134 -138 0
-135 -138 0
-136 -138 0
-137 -138 0
139 140 141 142 143 144 0
-139 -140 0
-139 -141 0
-140 -141 0
-139 -142 0
-140 -142 0
-141 -142 0
-139 -143 0
-140 -143 0
-141 -143 0
-142 -143 0
-139 -144 0
-140 -144 0
-141 -144 0
-142 -144 0
-143 -144 0
145 146 147 148 149 150 0
-145 -146 0
-145 -147 0
-146 -147 0
-145 -148 0
-146 -148 0
-147 -148 0
-145 -149 0
-146 -149 0
-147 -149 0
-148 -149 0
-145 -150 0
-146 -150 0
-147 -150 0
-148 -150 0
-149 -150 0
151 152 153 154 155 156 0
-151 -152 0
-151 -153 0
-152 -153 0
-151 -154 0
-152 -154 0
-153 -154 0
-151 -155 0
-152 -155 0
-153 -155 0
-154 -155 0
-151 -156 0
-152 -156 0
-153 -156 0
-154 -156 0
-155 -156 0
157 158 159 160 161 162 0
-157 -158 0
-157 -159 0
-158 -159 0
-157 -160 0
-158 -160 0
-159 -160 0
-157 -161 0
-158 -161 0
-159 -161 0
-160 -161 0
-157 -162 0
-158 -162 0
-159 -162 0
-160 -162 0
-161 -162 0
163 164 165 166 167 168 0
-163 -164 0
-163 -165 0
-164 -165 0
-163 -166 0
-164 -166 0
-165 -166 0
-163 -167 0
-164 -167 0
-165 -167 0
-166 -167 0
-163 -168 0
-164 -168 0
-165 -168 0
-166 -168 0
-167 -168 0
169 170 171 172 173 174 0
-169 -170 0
-169 -171 0
-170 -171 0
-169 -172 0
-170 -172 0
-171 -172 0
-169 -173 0
-170 -173 0
-171 -173 0
-172 -173 0
-169 -174 0
-170 -174 0
-171 -174 0
-172 -174 0
-173 -174 0
175 176 177 178 179 180 0
-175 -176 0
-175 -177 0
-176 -177 0
-175 -178 0
-176 -178 0
-177 -178 0
-175 -179 0
-176 -179 0
-177 -179 0
-178 -179 0
-175 -180 0
-176 -180 0
-177 -180 0
-178 -180 0
-179 -180 0
181 182 183 184 185 186 0
-181 -182 0
-181 -183 0
-182 -183 0
-181 -184 0
-182 -184 0
-183 -184 0
-181 -185 0
-182 -185 0
-183 -185 0
-184 -185 0
-181 -186 0
-182 -186 0
-183 -186 0
-184 -186 0
-185 -186 0
187 188 189 190 191 192 0
-187 -188 0
-187 -189 0
-188 -189 0
-187 -190 0
-188 -190 0
-189 -190 0
-187 -191 0
-188 -191 0
-189 -191 0
-190 -191 0
-187 -192 0
-188 -192 0
-189 -192 0
-190 -192 0
-191 -192 0
193 194 195 196 197 198 0
-193 -194 0
-193 -195 0
-194 -195 0
-193 -196 0
-194 -196 0
-195 -196 0
-193 -197 0
-194 -197 0
-195 -197 0
-196 -197 0
-193 -198 0
-194 -198 0
-195 -198 0
-196 -198 0
-197 -198 0
199 200 201 202 203 204 0
-199 -200 0
-199 -201 0
-200 -201 0
-199 -202 0
-200 -202 0
-201 -202 0
-199 -203 0
-200 -203 0
-201 -203 0
-202 -203 0
-199 -204 0
-200 -204 0
-201 -204 0
-202 -204 0
-203 -204 0
205 206 207 208 209 210 0
-205 -206 0
-205 -207 0
-206 -207 0
-205 -208 0
-206 -208 0
-207 -208 0
-205 -209 0
-206 -209 0
-207 -209 0
-208 -209 0
-205 -210 0
-206 -210 0
-207 -210 0
-208 -210 0
-209 -210 0
211 212 213 214 215 216 0
-211 -212 0
-211 -213 0
-212 -213 0
-211 -214 0
-212 -214 0
-213 -214 0
-211 -215 0
-212 -215 0
-213 -215 0
-214 -215 0
-211 -216 0
-212 -216 0
-213 -216 0
-214 -216 0
-215 -216 0
1 7 13 19 25 31 0
-1 -7 0
-1 -13 0
-7 -13 0
-1 -19 0
-7 -19 0
-13 -19 0
-1 -25 0
-7 -25 0
-13 -25 0
-19 -25 0
-1 -31 0
-7 -31 0
-13 -31 0
-19 -31 0
-25 -31 0
2 8 14 20 26 32 0
-2 -8 0
-2 -14 0
-8 -14 0
-2 -20 0
-8 -20 0
-14 -20 0
-2 -26 0
-8 -26 0
-14 -26 0
-20 -26 0
-2 -32 0
-8 -32 0
-14 -32 0
-20 -32 0
-26 -32 0
3 9 15 21 27 33 0
-3 -9 0
-3 -15 0
-9 -15 0
-3 -21 0
-9 -21 0
-15 -21 0
-3 -27 0
-9 -27 0
-15 -27 0
-21 -27 0
-3 -33 0
-9 -33 0
-15 -33 0
-21 -33 0
-27 -33 0
4 10 16 22 28 34 0
-4 -10 0
-4 -16 0
-10 -16 0
-4 -22 0
-10 -22 0
-16 -22 0
-4 -28 0
-10 -28 0
-16 -28 0
-22 -28 0
-4 -34 0
-10 -34 0
-16 -34 0
-22 -34 0
-28 -34 0
5 11 17 23 29 35 0
-5 -11 0
-5 -17 0
-11 -17 0
-5 -23 0
-11 -23 0
-17 -23 0
-5 -29 0
-11 -29 0
-17 -29 0
-23 -29 0
-5 -35 0
-11 -35 0
-17 -35 0
-23 -35 0
-29 -35 0
6 12 18 24 30 36 0
-6 -12 0
-6 -18 0
-12 -18 0
-6 -24 0
-12 -24 0
-18 -24 0
-6 -30 0
-12 -30 0
-18 -30 0
-24 -30 0
-6 -36 0
-12 -36 0
-18 -36 0
-24 -36 0
-30 -36 0
37 43 49 55 61 67 0
-37 -43 0
-37 -49 0
-43 -49 0
-37 -55 0
-43 -55 0
-49 -55 0
-37 -61 0
-43 -61 0
-49 -61 0
-55 -61 0
-37 -67 0
-43 -67 0
-49 -67 0
-55 -67 0
-61 -67 0
38 44 50 56 62 68 0
-38 -44 0
-38 -50 0
-44 -50 0
-38 -56 0
-44 -56 0
-50 -56 0
-38 -62 0
-44 -62 0
-50 -62 0
-56 -62 0
-38 -68 0
-44 -68 0
-50 -68 0
-56 -68 0
-62 -68 0
39 45 51 57 63 69 0
-39 -45 0
-39 -51 0
-45 -51 0
-39 -57 0
-45 -57 0
-51 -57 0
-39 -63 0
-45 -63 0
-51 -63 0
-57 -63 0
-39 -69 0
-45 -69 0
-51 -69 0
-57 -69 0
-63 -69 0
40 46 52 58 64 70 0
-40 -46 0
-40 -52 0
-46 -52 0
-40 -58 0
-46 -58 0
-52 -58 0
-40 -64 0
-46 -64 0
-52 -64 0
-58 -64 0
-40 -70 0
-46 -70 0
-52 -70 0
-58 -70 0
-64 -70 0
41 47 53 59 65 71 0
-41 -47 0
-41 -53 0
-47 -53 0
-41 -59 0
-47 -59 0
-53 -59 0
-41 -65 0
-47 -65 0
-53 -65 0
-59 -65 0
-41 -71 0
-47 -71 0
-53 -71 0
-59 -71 0
-65 -71 0
42 48 54 60 66 72 0
-42 -48 0
-42 -54 0
-48 -54 0
-42 -60 0
-48 -60 0
-54 -60 0
-42 -66 0
-48 -66 0
-54 -66 0
-60 -66 0
-42 -72 0
-48 -72 0
-54 -72 0
-60 -72 0
-66 -72 0
73 79 85 91 97 103 0
-73 -79 0
-73 -85 0
-79 -85 0
-73 -91 0
-79 -91 0
-85 -91 0
-73 -97 0
-79 -97 0
-85 -97 0
-91 -97 0
-73 -103 0
-79 -103 0
-85 -103 0
-91 -103 0
-97 -103 0
74 80 86 92 98 104 0
-74 -80 0
-74 -86 0
-80 -86 0
-74 -92 0
-80 -92 0
-86 -92 0
-74 -98 0
-80 -98 0
-86 -98 0
-92 -98 0
-74 -104 0
-80 -104 0
-86 -104 0
-92 -104 0
-98 -104 0
75 81 87 93 99 105 0
-75 -81 0
-75 -87 0
-81 -87 0
-75 -93 0
-81 -93 0
-87 -93 0
-75 -99 0
-81 -99 0
-87 -99 0
-93 -99 0
-75 -105 0
-81 -105 0
-87 -105 0
-93 -105 0
-99 -105 0
76 82 88 94 100 106 0
-76 -82 0
-76 -88 0
-82 -88 0
-76 -94 0
-82 -94 0
-88 -94 0
-76 -100 0
-82 -100 0
-88 -100 0
-94 -100 0
-76 -106 0
-82 -106 0
-88 -106 0
-94 -106 0
-100 -106 0
77 83 89 95 101 107 0
-77 -83 0
-77 -89 0
-83 -89 0
-77 -95 0
-83 -95 0
-89 -95 0
-77 -101 0
-83 -101 0
-89 -101 0
-95 -101 0
-77 -107 0
-83 -107 0
-89 -107 0
-95 -107 0
-101 -107 0
78 84 90 96 102 108 0
-78 -84 0
-78 -90 0
-84 -90 0
-78 -96 0
-84 -96 0
-90 -96 0
-78 -102 0
-84 -102 0
-90 -102 0
-96 -102 0
-78 -108 0
-84 -108 0
-90 -108 0
-96 -108 0
-102 -108 0
109 115 121 127 133 139 0
-109 -115 0
-109 -121 0
-115 -121 0
-109 -127 0
-115 -127 0
-121 -127 0
-109 -133 0
-115 -133 0
-121 -133 0
-127 -133 0
-109 -139 0
-115 -139 0
-121 -139 0
-127 -139 0
-133 -139 0
110 116 122 128 134 140 0
-110 -116 0
-110 -122 0
-116 -122 0
-110 -128 0
-116 -128 0
-122 -128 0
-110 -134 0
-116 -134 0
-122 -134 0
-128 -134 0
-110 -140 0
-116 -140 0
-122 -140 0
-128 -140 0
-134 -140 0
111 117 123 129 135 141 0
-111 -117 0
-111 -123 0
-117 -123 0
-111 -129 0
-117 -129 0
-123 -129 0
-111 -135 0
-117 -135 0
-123 -135 0
-129 -135 0
-111 -141 0
-117 -141 0
-123 -141 0
-129 -141 0
-135 -141 0
112 118 124 130 136 142 0
-112 -118 0
-112 -124 0
-118 -124 0
-112 -130 0
-118 -130 0
-124 -130 0
-112 -136 0
-118 -136 0
-124 -136 0
-130 -136 0
-112 -142 0
-118 -142 0
-124 -142 0
-130 -142 0
-136 -142 0
113 119 125 131 137 143 0
-113 -119 0
-113 -125 0
-119 -125 0
-113 -131 0
-119 -131 0
-125 -131 0
-113 -137 0
-119 -137 0
-125 -137 0
-131 -137 0
-113 -143 0
-119 -143 0
-125 -143 0
-131 -143 0
-137 -143 0
114 120 126 132 138 144 0
-114 -120 0
-114 -126 0
-120 -126 0
-114 -132 0
-120 -132 0
-126 -132 0
-114 -138 0
-120 -138 0
-126 -138 0
-132 -138 0
-114 -144 0
-120 -144 0
-126 -144 0
-132 -144 0
-138 -144 0
145 151 157 163 169 175 0
-145 -151 0
-145 -157 0
-151 -157 0
-145 -163 0
-151 -163 0
-157 -163 0
-145 -169 0
-151 -169 0
-157 -169 0
-163 -169 0
-145 -175 0
-151 -175 0
-157 -175 0
-163 -175 0
-169 -175 0
146 152 158 164 170 176 0
-146 -152 0
-146 -158 0
-152 -158 0
-146 -164 0
-152 -164 0
-158 -164 0
-146 -170 0
-152 -170 0
-158 -170 0
-164 -170 0
-146 -176 0
-152 -176 0
-158 -176 0
-164 -176 0
-170 -176 0
147 153 159 165 171 177 0
-147 -153 0
-147 -159 0
-153 -159 0
-147 -165 0
-153 -165 0
-159 -165 0
-147 -171 0
-153 -171 0
-159 -171 0
-165 -171 0
-147 -177 0
-153 -177 0
-159 -177 0
-165 -177 0
-171 -177 0
148 154 160 166 172 178 0
-148 -154 0
-148 -160 0
-154 -160 0
-148 -166 0
-154 -166 0
-160 -166 0
-148 -172 0
-154 -172 0
-160 -172 0
-166 -172 0
-148 -178 0
-154 -178 0
-160 -178 0
-166 -178 0
-172 -178 0
149 155 161 167 173 179 0
-149 -155 0
-149 -161 0
-155 -161 0
-149 -167 0
-155 -167 0
-161 -167 0
-149 -173 0
-155 -173 0
-161 -173 0
-167 -173 0
-149 -179 0
-155 -179 0
-161 -179 0
-167 -179 0
-173 -179 0
150 156 162 168 174 180 0
-150 -156 0
-150 -162 0
-156 -162 0
-150 -168 0
-156 -168 0
-162 -168 0
-150 -174 0
-156 -174 0
-162 -174 0
-168 -174 0
-150 -180 0
-156 -180 0
-162 -180 0
-168 -180 0
-174 -180 0
181 187 193 199 205 211 0
-181 -187 0
-181 -193 0
-187 -193 0
-181 -199 0
-187 -199 0
-193 -199 0
-181 -205 0
-187 -205 0
-193 -205 0
-199 -205 0
-181 -211 0
-187 -211 0
-193 -211 0
-199 -211 0
-205 -211 0
182 188 194 200 206 212 0
-182 -188 0
-182 -194 0
-188 -194 0
-182 -200 0
-188 -200 0
-194 -200 0
-182 -206 0
-188 -206 0
-194 -206 0
-200 -206 0
-182 -212 0
-188 -212 0
-194 -212 0
-200 -212 0
-206 -212 0
183 189 195 201 207 213 0
-183 -189 0
-183 -195 0
-189 -195 0
-183 -201 0
-189 -201 0
-195 -201 0
-183 -207 0
-189 -207 0
-195 -207 0
-201 -207 0
-183 -213 0
-189 -213 0
-195 -213 0
-201 -213 0
-207 -213 0
184 190 196 202 208 214 0
-184 -190 0
-184 -196 0
-190 -196 0
-184 -202 0
-190 -202 0
-196 -202 0
-184 -208 0
-190 -208 0
-196 -208 0
-202 -208 0
-184 -214 0
-190 -214 0
-196 -214 0
-202 -214 0
-208 -214 0
185 191 197 203 209 215 0
-185 -191 0
-185 -197 0
-191 -197 0
-185 -203 0
-191 -203 0
-197 -203 0
-185 -209 0
-191 -209 0
-197 -209 0
-203 -209 0
-185 -215 0
-191 -215 0
-197 -215 0
-203 -215 0
-209 -215 0
186 192 198 204 210 216 0
-186 -192 0
-186 -198 0
-192 -198 0
-186 -204 0
-192 -204 0
-198 -204 0
-186 -210 0
-192 -210 0
-198 -210 0
-204 -210 0
-186 -216 0
-192 -216 0
-198 -216 0
-204 -216 0
-210 -216 0
1 37 73 109 145 181 0
2 38 74 110 146 182 0
3 39 75 111 147 183 0
4 40 76 112 148 184 0
5 41 77 113 149 185 0
6 42 78 114 150 186 0
7 43 79 115 151 187 0
8 44 80 116 152 188 0
9 45 81 117 153 189 0
10 46 82 118 154 190 0
11 47 83 119 155 191 0
12 48 84 120 156 192 0
13 49 85 121 157 193 0
14 50 86 122 158 194 0
15 51 87 123 159 195 0
16 52 88 124 160 196 0
17 53 89 125 161 197 0
18 54 90 126 162 198 0
19 55 91 127 163 199 0
20 56 92 128 164 200 0
21 57 93 129 165 201 0
22 58 94 130 166 202 0
23 59 95 131 167 203 0
24 60 96 132 168 204 0
25 61 97 133 169 205 0
26 62 98 134 170 206 0
27 63 99 135 171 207 0
28 64 100 136 172 208 0
29 65 101 137 173 209 0
30 66 102 138 174 210 0
31 67 103 139 175 211 0
32 68 104 140 176 212 0
33 69 105 141 177 213 0
34 70 106 142 178 214 0
35 71 107 143 179 215 0
36 72 108 144 180 216 0
-2 -1 0
-3 -1 0
-3 -2 0
-7 -1 0
-7 -2 0
-7 -3 0
-8 -1 0
-8 -2 0
-8 -3 0
-8 -7 0
-9 -1 0
-9 -2 0
-9 -3 0
-9 -7 0
-9 -8 0
-13 -1 0
-13 -2 0
-13 -3 0
-13 -7 0
-13 -8 0
-13 -9 0
-14 -1 0
-14 -2 0
-14 -3 0
-14 -7 0
-14 -8 0
-14 -9 0
-14 -13 0
-15 -1 0
-15 -2 0
-15 -3 0
-15 -7 0
-15 -8 0
-15 -9 0
-15 -13 0
-15 -14 0
-5 -4 0
-6 -4 0
-6 -5 0
-10 -4 0
-10 -5 0
-10 -6 0
-11 -4 0
-11 -5 0
-11 -6 0
-11 -10 0
-12 -4 0
-12 -5 0
-12 -6 0
-12 -10 0
-12 -11 0
-16 -4 0
-16 -5 0
-16 -6 0
-16 -10 0
-16 -11 0
-16 -12 0
-17 -4 0
-17 -5 0
-17 -6 0
-17 -10 0
-17 -11 0
-17 -12 0
-17 -16 0
-18 -4 0
-18 -5 0
-18 -6 0
-18 -10 0
-18 -11 0
-18 -12 0
-18 -16 0
-18 -17 0
-20 -19 0
-21 -19 0
-21 -20 0
-25 -19 0
-25 -20 0
-25 -21 0
-26 -19 0
-26 -20 0
-26 -21 0
-26 -25 0
-27 -19 0
-27 -20 0
-27 -21 0
-27 -25 0
-27 -26 0
-31 -19 0
-31 -20 0
-31 -21 0
-31 -25 0
-31 -26 0
-31 -27 0
-32 -19 0
-32 -20 0
-32 -21 0
-32 -25 0
-32 -26 0
-32 -27 0
-32 -31 0
-33 -19 0
-33 -20 0
-33 -21 0
-33 -25 0
-33 -26 0
-33 -27 0
-33 -31 0
-33 -32 0
-23 -22 0
-24 -22 0
-24 -23 0
-28 -22 0
-28 -23 0
-28 -24 0
-29 -22 0
-29 -23 0
-29 -24 0
-29 -28 0
-30 -22 0
-30 -23 0
-30 -24 0
-30 -28 0
-30 -29 0
-34 -22 0
-34 -23 0
-34 -24 0
-34 -28 0
-34 -29 0
-34 -30 0
-35 -22 0
-35 -23 0
-35 -24 0
-35 -28 0
-35 -29 0
-35 -30 0
-35 -34 0
-36 -22 0
-36 -23 0
-36 -24 0
-36 -28 0
-36 -29 0
-36 -30 0
-36 -34 0
-36 -35 0
-38 -37 0
-39 -37 0
-39 -38 0
-43 -37 0
-43 -38 0
-43 -39 0
-44 -37 0
-44 -38 0
-44 -39 0
-44 -43 0
-45 -37 0
-45 -38 0
-45 -39 0
-45 -43 0
-45 -44 0
-49 -37 0
-49 -38 0
-49 -39 0
-49 -43 0
-49 -44 0
-49 -45 0
-50 -37 0
-50 -38 0
-50 -39 0
-50 -43 0
-50 -44 0
-50 -45 0
-50 -49 0
-51 -37 0
-51 -38 0
-51 -39 0
-51 -43 0
-51 -44 0
-51 -45 0
-51 -49 0
-51 -50 0
-41 -40 0
-42 -40 0
-42 -41 0
-46 -40 0
-46 -41 0
-46 -42 0
-47 -40 0
-47 -41 0
-47 -42 0
-47 -46 0
-48 -40 0
-48 -41 0
-48 -42 0
-48 -46 0
-48 -47 0
-52 -40 0
-52 -41 0
-52 -42 0
-52 -46 0
-52 -47 0
-52 -48 0
-53 -40 0
-53 -41 0
-53 -42 0
-53 -46 0
-53 -47 0
-53 -48 0
-53 -52 0
-54 -40 0
-54 -41 0
-54 -42 0
-54 -46 0
-54 -47 0
-54 -48 0
-54 -52 0
-54 -53 0
-56 -55 0
-57 -55 0
-57 -56 0
-61 -55 0
-61 -56 0
-61 -57 0
-62 -55 0
-62 -56 0
-62 -57 0
-62 -61 0
-63 -55 0
-63 -56 0
-63 -57 0
-63 -61 0
-63 -62 0
-67 -55 0
-67 -56 0
-67 -57 0
-67 -61 0
-67 -62 0
-67 -63 0
-68 -55 0
-68 -56 0
-68 -57 0
-68 -61 0
-68 -62 0
-68 -63 0
-68 -67 0
-69 -55 0
-69 -56 0
-69 -57 0
-69 -61 0
-69 -62 0
-69 -63 0
-69 -67 0
-69 -68 0
-59 -58 0
-60 -58 0
-60 -59 0
-64 -58 0
-64 -59 0
-64 -60 0
-65 -58 0
-65 -59 0
-65 -60 0
-65 -64 0
-66 -58 0
-66 -59 0
-66 -60 0
-66 -64 0
-66 -65 0
-70 -58 0
-70 -59 0
-70 -60 0
-70 -64 0
-70 -65 0
-70 -66 0
-71 -58 0
-71 -59 0
-71 -60 0
-71 -64 0
-71 -65 0
-71 -66 0
-71 -70 0
-72 -58 0
-72 -59 0
-72 -60 0
-72 -64 0
-72 -65 0
-72 -66 0
-72 -70 0
-72 -71 0
-74 -73 0
-75 -73 0
-75 -74 0
-79 -73 0
-79 -74 0
-79 -75 0
-80 -73 0
-80 -74 0
-80 -75 0
-80 -79 0
-81 -73 0
-81 -74 0
-81 -75 0
-81 -79 0
-81 -80 0
-85 -73 0
-85 -74 0
-85 -75 0
-85 -79 0
-85 -80 0
-85 -81 0
-86 -73 0
-86 -74 0
-86 -75 0
-86 -79 0
-86 -80 0
-86 -81 0
-86 -85 0
-87 -73 0
-87 -74 0
-87 -75 0
-87 -79 0
-87 -80 0
-87 -81 0
-87 -85 0
-87 -86 0
-77 -76 0
-78 -76 0
-78 -77 0
-82 -76 0
-82 -77 0
-82 -78 0
-83 -76 0
-83 -77 0
-83 -78 0
-83 -82 0
-84 -76 0
-84 -77 0
-84 -78 0
-84 -82 0
-84 -83 0
-88 -76 0
-88 -77 0
-88 -78 0
-88 -82 0
-88 -83 0
-88 -84 0
-89 -76 0
-89 -77 0
-89 -78 0
-89 -82 0
-89 -83 0
-89 -84 0
-89 -88 0
-90 -76 0
-90 -77 0
-90 -78 0
-90 -82 0
-90 -83 0
-90 -84 0
-90 -88 0
-90 -89 0
-92 -91 0
-93 -91 0
-93 -92 0
-97 -91 0
-97 -92 0
-97 -93 0
-98 -91 0
-98 -92 0
-98 -93 0
-98 -97 0
-99 -91 0
-99 -92 0
-99 -93 0
-99 -97 0
-99 -98 0
-103 -91 0
-103 -92 0
-103 -93 0
-103 -97 0
-103 -98 0
-103 -99 0
-104 -91 0
-104 -92 0
-104 -93 0
-104 -97 0
-104 -98 0
-104 -99 0
-104 -103 0
-105 -91 0
-105 -92 0
-105 -93 0
-105 -97 0
-105 -98 0
-105 -99 0
-105 -103 0
-105 -104 0
-95 -94 0
-96 -94 0
-96 -95 0
-100 -94 0
-100 -95 0
-100 -96 0
-101 -94 0
-101 -95 0
-101 -96 0
-101 -100 0
-102 -94 0
-102 -95 0
-102 -96 0
-102 -100 0
-102 -101 0
-106 -94 0
-106 -95 0
-106 -96 0
-106 -100 0
-106 -101 0
-106 -102 0
-107 -94 0
-107 -95 0
-107 -96 0
-107 -100 0
-107 -101 0
-107 -102 0
-107 -106 0
-108 -94 0
-108 -95 0
-108 -96 0
-108 -100 0
-108 -101 0
-108 -102 0
-108 -106 0
-108 -107 0
-110 -109 0
-111 -109 0
-111 -110 0
-115 -109 0
-115 -110 0
-115 -111 0
-116 -109 0
-116 -110 0
-116 -111 0
-116 -115 0
-117 -109 0
-117 -110 0
-117 -111 0
-117 -115 0
-117 -116 0
-121 -109 0
-121 -110 0
-121 -111 0
-121 -115 0
-121 -116 0
-121 -117 0
-122 -109 0
-122 -110 0
-122 -111 0
-122 -115 0
-122 -116 0
-122 -117 0
-122 -121 0
-123 -109 0
-123 -110 0
-123 -111 0
-123 -115 0
-123 -116 0
-123 -117 0
-123 -121 0
-123 -122 0
-113 -112 0
-114 -112 0
-114 -113 0
-118 -112 0
-118 -113 0
-118 -114 0
-119 -112 0
-119 -113 0
-119 -114 0
-119 -118 0
-120 -112 0
-120 -113 0
-120 -114 0
-120 -118 0
-120 -119 0
-124 -112 0
-124 -113 0
-124 -114 0
-124 -118 0
-124 -119 0
-124 -120 0
-125 -112 0
-125 -113 0
-125 -114 0
-125 -118 0
-125 -119 0
-125 -120 0
-125 -124 0
-126 -112 0
-126 -113 0
-126 -114 0
-126 -118 0
-126 -119 0
-126 -120 0
-126 -124 0
-126 -125 0
-128 -127 0
-129 -127 0
-129 -128 0
-133 -127 0
-133 -128 0
-133 -129 0
-134 -127 0
-134 -128 0
-134 -129 0
-134 -133 0
-135 -127 0
-135 -128 0
-135 -129 0
-135 -133 0
-135 -134 0
-139 -127 0
-139 -128 0
-139 -129 0
-139 -133 0
-139 -134 0
-139 -135 0
-140 -127 0
-140 -128 0
-140 -129 0
-140 -133 0
-140 -134 0
-140 -135 0
-140 -139 0
-141 -127 0
-141 -128 0
-141 -129 0
-141 -133 0
-141 -134 0
-141 -135 0
-141 -139 0
-141 -140 0
-131 -130 0
-132 -130 0
-132 -131 0
-136 -130 0
-136 -131 0
-136 -132 0
-137 -130 0
-137 -131 0
-137 -132 0
-137 -136 0
-138 -130 0
-138 -131 0
-138 -132 0
-138 -136 0
-138 -137 0
-142 -130 0
-142 -131 0
-142 -132 0
-142 -136 0
-142 -137 0
-142 -138 0
-143 -130 0
-143 -131 0
-143 -132 0
-143 -136 0
-143 -137 0
-143 -138 0
-143 -142 0
-144 -130 0
-144 -131 0
-144 -132 0
-144 -136 0
-144 -137 0
-144 -138 0
-144 -142 0
-144 -143 0
-146 -145 0
-147 -145 0
-147 -146 0
-151 -145 0
-151 -146 0
-151 -147 0
-152 -145 0
-152 -146 0
-152 -147 0
-152 -151 0
-153 -145 0
-153 -146 0
-153 -147 0
-153 -151 0
-153 -152 0
-157 -145 0
-157 -146 0
-157 -147 0
-157 -151 0
-157 -152 0
-157 -153 0
-158 -145 0
-158 -146 0
-158 -147 0
-158 -151 0
-158 -152 0
-158 -153 0
-158 -157 0
-159 -145 0
-159 -146 0
-159 -147 0
-159 -151 0
-159 -152 0
-159 -153 0
-159 -157 0
-159 -158 0
-149 -148 0
-150 -148 0
-150 -149 0
-154 -148 0
-154 -149 0
-154 -150 0
-155 -148 0
-155 -149 0
-155 -150 0
-155 -154 0
-156 -148 0
-156 -149 0
-156 -150 0
-156 -154 0
-156 -155 0
-160 -148 0
-160 -149 0
-160 -150 0
-160 -154 0
-160 -155 0
-160 -156 0
-161 -148 0
-161 -149 0
-161 -150 0
-161 -154 0
-161 -155 0
-161 -156 0
-161 -160 0
-162 -148 0
-162 -149 0
-162 -150 0
-162 -154 0
-162 -155 0
-162 -156 0
-162 -160 0
-162 -161 0
-164 -163 0
-165 -163 0
-165 -164 0
-169 -163 0
-169 -164 0
-169 -165 0
-170 -163 0
-170 -164 0
-170 -165 0
-170 -169 0
-171 -163 0
-171 -164 0
-171 -165 0
-171 -169 0
-171 -170 0
-175 -163 0
-175 -164 0
-175 -165 0
-175 -169 0
-175 -170 0
-175 -171 0
-176 -163 0
-176 -164 0
-176 -165 0
-176 -169 0
-176 -170 0
-176 -171 0
-176 -175 0
-177 -163 0
-177 -164 0
-177 -165 0
-177 -169 0
-177 -170 0
-177 -171 0
-177 -175 0
-177 -176 0
-167 -166 0
-168 -166 0
-168 -167 0
-172 -166 0
-172 -167 0
-172 -168 0
-173 -166 0
-173 -167 0
-173 -168 0
-173 -172 0
-174 -166 0
-174 -167 0
-174 -168 0
-174 -172 0
-174 -173 0
-178 -166 0
-178 -167 0
-178 -168 0
-178 -172 0
-178 -173 0
-178 -174 0
-179 -166 0
-179 -167 0
-179 -168 0
-179 -172 0
-179 -173 0
-179 -174 0
-179 -178 0
-180 -166 0
-180 -167 0
-180 -168 0
-180 -172 0
-180 -173 0
-180 -174 0
-180 -178 0
-180 -179 0
-182 -181 0
-183 -181 0
-183 -182 0
-187 -181 0
-187 -182 0
-187 -183 0
-188 -181 0
-188 -182 0
-188 -183 0
-188 -187 0
-189 -181 0
-189 -182 0
-189 -183 0
-189 -187 0
-189 -188 0
-193 -181 0
-193 -182 0
-193 -183 0
-193 -187 0
-193 -188 0
-193 -189 0
-194 -181 0
-194 -182 0
-194 -183 0
-194 -187 0
-194 -188 0
-194 -189 0
-194 -193 0
-195 -181 0
-195 -182 0
-195 -183 0
-195 -187 0
-195 -188 0
-195 -189 0
-195 -193 0
-195 -194 0
-185 -184 0
-186 -184 0
-186 -185 0
-190 -184 0
-190 -185 0
-190 -186 0
-191 -184 0
-191 -185 0
-191 -186 0
-191 -190 0
-192 -184 0
-192 -185 0
-192 -186 0
-192 -190 0
-192 -191 0
-196 -184 0
-196 -185 0
-196 -186 0
-196 -190 0
-196 -191 0
-196 -192 0
-197 -184 0
-197 -185 0
-197 -186 0
-197 -190 0
-197 -191 0
-197 -192 0
-197 -196 0
-198 -184 0
-198 -185 0
-198 -186 0
-198 -190 0
-198 -191 0
-198 -192 0
-198 -196 0
-198 -197 0
-200 -199 0
-201 -199 0
-201 -200 0
-205 -199 0
-205 -200 0
-205 -201 0
-206 -199 0
-206 -200 0
-206 -201 0
-206 -205 0
-207 -199 0
-207 -200 0
-207 -201 0
-207 -205 0
-207 -206 0
-211 -199 0
-211 -200 0
-211 -201 0
-211 -205 0
-211 -206 0
-211 -207 0
-212 -199 0
-212 -200 0
-212 -201 0
-212 -205 0
-212 -206 0
-212 -207 0
-212 -211 0
-213 -199 0
-213 -200 0
-213 -201 0
-213 -205 0
-213 -206 0
-213 -207 0
-213 -211 0
-213 -212 0
-203 -202 0
-204 -202 0
-204 -203 0
-208 -202 0
-208 -203 0
-208 -204 0
-209 -202 0
-209 -203 0
-209 -204 0
-209 -208 0
-210 -202 0
-210 -203 0
-210 -204 0
-210 -208 0
-210 -209 0
-214 -202 0
-214 -203 0
-214 -204 0
-214 -208 0
-214 -209 0
-214 -210 0
-215 -202 0
-215 -203 0
-215 -204 0
-215 -208 0
-215 -209 0
-215 -210 0
-215 -214 0
-216 -202 0
-216 -203 0
-216 -204 0
-216 -208 0
-216 -209 0
-216 -210 0
-216 -214 0
-216 -215 0
181 0
8 0
81 0
195 0
16 0
166 0
59 0
61 0
137 0
140 0
180 0
