c Latin Square CNF file python generated.
1 2 3 0
-1 -3 0
-1 -4 0
-2 -4 0
4 5 6 0
-4 -6 0
-4 -7 0
-5 -7 0
7 8 9 0
-7 -9 0
-7 -10 0
-8 -10 0
10 11 12 0
-10 -12 0
-10 -13 0
-11 -13 0
13 14 15 0
-13 -15 0
-13 -16 0
-14 -16 0
16 17 18 0
-16 -18 0
-16 -19 0
-17 -19 0
19 20 21 0
-19 -21 0
-19 -22 0
-20 -22 0
22 23 24 0
-22 -24 0
-22 -25 0
-23 -25 0
25 26 27 0
-25 -27 0
-25 -28 0
-26 -28 0
1 4 7 0
-1 -4 0
-1 -7 0
-4 -7 0
2 5 8 0
-2 -5 0
-2 -8 0
-5 -8 0
3 6 9 0
-3 -6 0
-3 -9 0
-6 -9 0
10 13 16 0
-10 -13 0
-10 -16 0
-13 -16 0
11 14 17 0
-11 -14 0
-11 -17 0
-14 -17 0
12 15 18 0
-12 -15 0
-12 -18 0
-15 -18 0
19 22 25 0
-19 -22 0
-19 -25 0
-22 -25 0
20 23 26 0
-20 -23 0
-20 -26 0
-23 -26 0
21 24 27 0
-21 -24 0
-21 -27 0
-24 -27 0
1 10 19 0
2 11 20 0
3 12 21 0
4 13 22 0
5 14 23 0
6 15 24 0
7 16 25 0
8 17 26 0
9 18 27 0
