c picross_10_5_2S0MZ3SE45E68E661.txt : Picross CNF file python generated.
101 102 103 104 0
c (0, 0, 0) or (0, 0, 1) or (0, 0, 2) or (0, 0, 3)
-102 -101 0
c (0, 0, 1) => not (0, 0, 0)
-103 -101 0
c (0, 0, 2) => not (0, 0, 0)
-103 -102 0
c (0, 0, 2) => not (0, 0, 1)
-104 -101 0
c (0, 0, 3) => not (0, 0, 0)
-104 -102 0
c (0, 0, 3) => not (0, 0, 1)
-104 -103 0
c (0, 0, 3) => not (0, 0, 2)
-101 1 0
c (0, 0, 0) => (0, 0)
-101 2 0
c (0, 0, 0) => (0, 1)
-101 -3 0
c (0, 0, 0) =>  not (0, 2)
-102 2 0
c (0, 0, 1) => (0, 1)
-102 3 0
c (0, 0, 1) => (0, 2)
-102 -4 0
c (0, 0, 1) =>  not (0, 3)
-103 3 0
c (0, 0, 2) => (0, 2)
-103 4 0
c (0, 0, 2) => (0, 3)
-103 -5 0
c (0, 0, 2) =>  not (0, 4)
-104 4 0
c (0, 0, 3) => (0, 3)
-104 5 0
c (0, 0, 3) => (0, 4)
326 327 0
c (1, 0, 0) or (1, 0, 1)
-327 -326 0
c (1, 0, 1) => not (1, 0, 0)
-326 -341 0
c (1, 0, 0) => not (1, 1, 0)
-326 -342 0
c (1, 0, 0) => not (1, 1, 1)
-326 -343 0
c (1, 0, 0) => not (1, 1, 2)
-327 -342 0
c (1, 0, 1) => not (1, 1, 1)
-327 -343 0
c (1, 0, 1) => not (1, 1, 2)
-327 -344 0
c (1, 0, 1) => not (1, 1, 3)
-326 11 0
c (1, 0, 0) => (1, 0)
-326 12 0
c (1, 0, 0) => (1, 1)
-326 -13 0
c (1, 0, 0) =>  not (1, 2)
-327 12 0
c (1, 0, 1) => (1, 1)
-327 13 0
c (1, 0, 1) => (1, 2)
-327 -14 0
c (1, 0, 1) =>  not (1, 3)
344 345 0
c (1, 1, 3) or (1, 1, 4)
-345 -344 0
c (1, 1, 4) => not (1, 1, 3)
-344 14 0
c (1, 1, 3) => (1, 3)
-344 -15 0
c (1, 1, 3) =>  not (1, 4)
-345 15 0
c (1, 1, 4) => (1, 4)
551 552 553 0
c (2, 0, 0) or (2, 0, 1) or (2, 0, 2)
-552 -551 0
c (2, 0, 1) => not (2, 0, 0)
-553 -551 0
c (2, 0, 2) => not (2, 0, 0)
-553 -552 0
c (2, 0, 2) => not (2, 0, 1)
-551 -566 0
c (2, 0, 0) => not (2, 1, 0)
-551 -567 0
c (2, 0, 0) => not (2, 1, 1)
-552 -567 0
c (2, 0, 1) => not (2, 1, 1)
-552 -568 0
c (2, 0, 1) => not (2, 1, 2)
-553 -568 0
c (2, 0, 2) => not (2, 1, 2)
-553 -569 0
c (2, 0, 2) => not (2, 1, 3)
-551 21 0
c (2, 0, 0) => (2, 0)
-551 -22 0
c (2, 0, 0) =>  not (2, 1)
-552 22 0
c (2, 0, 1) => (2, 1)
-552 -23 0
c (2, 0, 1) =>  not (2, 2)
-553 23 0
c (2, 0, 2) => (2, 2)
-553 -24 0
c (2, 0, 2) =>  not (2, 3)
568 569 570 0
c (2, 1, 2) or (2, 1, 3) or (2, 1, 4)
-569 -568 0
c (2, 1, 3) => not (2, 1, 2)
-570 -568 0
c (2, 1, 4) => not (2, 1, 2)
-570 -569 0
c (2, 1, 4) => not (2, 1, 3)
-568 23 0
c (2, 1, 2) => (2, 2)
-568 -24 0
c (2, 1, 2) =>  not (2, 3)
-569 24 0
c (2, 1, 3) => (2, 3)
-569 -25 0
c (2, 1, 3) =>  not (2, 4)
-570 25 0
c (2, 1, 4) => (2, 4)
776 777 778 0
c (3, 0, 0) or (3, 0, 1) or (3, 0, 2)
-777 -776 0
c (3, 0, 1) => not (3, 0, 0)
-778 -776 0
c (3, 0, 2) => not (3, 0, 0)
-778 -777 0
c (3, 0, 2) => not (3, 0, 1)
-776 31 0
c (3, 0, 0) => (3, 0)
-776 32 0
c (3, 0, 0) => (3, 1)
-776 33 0
c (3, 0, 0) => (3, 2)
-776 -34 0
c (3, 0, 0) =>  not (3, 3)
-777 32 0
c (3, 0, 1) => (3, 1)
-777 33 0
c (3, 0, 1) => (3, 2)
-777 34 0
c (3, 0, 1) => (3, 3)
-777 -35 0
c (3, 0, 1) =>  not (3, 4)
-778 33 0
c (3, 0, 2) => (3, 2)
-778 34 0
c (3, 0, 2) => (3, 3)
-778 35 0
c (3, 0, 2) => (3, 4)
1001 1002 1003 0
c (4, 0, 0) or (4, 0, 1) or (4, 0, 2)
-1002 -1001 0
c (4, 0, 1) => not (4, 0, 0)
-1003 -1001 0
c (4, 0, 2) => not (4, 0, 0)
-1003 -1002 0
c (4, 0, 2) => not (4, 0, 1)
-1001 -1016 0
c (4, 0, 0) => not (4, 1, 0)
-1001 -1017 0
c (4, 0, 0) => not (4, 1, 1)
-1002 -1017 0
c (4, 0, 1) => not (4, 1, 1)
-1002 -1018 0
c (4, 0, 1) => not (4, 1, 2)
-1003 -1018 0
c (4, 0, 2) => not (4, 1, 2)
-1003 -1019 0
c (4, 0, 2) => not (4, 1, 3)
-1001 41 0
c (4, 0, 0) => (4, 0)
-1001 -42 0
c (4, 0, 0) =>  not (4, 1)
-1002 42 0
c (4, 0, 1) => (4, 1)
-1002 -43 0
c (4, 0, 1) =>  not (4, 2)
-1003 43 0
c (4, 0, 2) => (4, 2)
-1003 -44 0
c (4, 0, 2) =>  not (4, 3)
1018 1019 1020 0
c (4, 1, 2) or (4, 1, 3) or (4, 1, 4)
-1019 -1018 0
c (4, 1, 3) => not (4, 1, 2)
-1020 -1018 0
c (4, 1, 4) => not (4, 1, 2)
-1020 -1019 0
c (4, 1, 4) => not (4, 1, 3)
-1018 43 0
c (4, 1, 2) => (4, 2)
-1018 -44 0
c (4, 1, 2) =>  not (4, 3)
-1019 44 0
c (4, 1, 3) => (4, 3)
-1019 -45 0
c (4, 1, 3) =>  not (4, 4)
-1020 45 0
c (4, 1, 4) => (4, 4)
1226 1227 1228 0
c (5, 0, 0) or (5, 0, 1) or (5, 0, 2)
-1227 -1226 0
c (5, 0, 1) => not (5, 0, 0)
-1228 -1226 0
c (5, 0, 2) => not (5, 0, 0)
-1228 -1227 0
c (5, 0, 2) => not (5, 0, 1)
-1226 -1241 0
c (5, 0, 0) => not (5, 1, 0)
-1226 -1242 0
c (5, 0, 0) => not (5, 1, 1)
-1227 -1242 0
c (5, 0, 1) => not (5, 1, 1)
-1227 -1243 0
c (5, 0, 1) => not (5, 1, 2)
-1228 -1243 0
c (5, 0, 2) => not (5, 1, 2)
-1228 -1244 0
c (5, 0, 2) => not (5, 1, 3)
-1226 51 0
c (5, 0, 0) => (5, 0)
-1226 -52 0
c (5, 0, 0) =>  not (5, 1)
-1227 52 0
c (5, 0, 1) => (5, 1)
-1227 -53 0
c (5, 0, 1) =>  not (5, 2)
-1228 53 0
c (5, 0, 2) => (5, 2)
-1228 -54 0
c (5, 0, 2) =>  not (5, 3)
1243 1244 1245 0
c (5, 1, 2) or (5, 1, 3) or (5, 1, 4)
-1244 -1243 0
c (5, 1, 3) => not (5, 1, 2)
-1245 -1243 0
c (5, 1, 4) => not (5, 1, 2)
-1245 -1244 0
c (5, 1, 4) => not (5, 1, 3)
-1243 53 0
c (5, 1, 2) => (5, 2)
-1243 -54 0
c (5, 1, 2) =>  not (5, 3)
-1244 54 0
c (5, 1, 3) => (5, 3)
-1244 -55 0
c (5, 1, 3) =>  not (5, 4)
-1245 55 0
c (5, 1, 4) => (5, 4)
1451 1452 1453 1454 0
c (6, 0, 0) or (6, 0, 1) or (6, 0, 2) or (6, 0, 3)
-1452 -1451 0
c (6, 0, 1) => not (6, 0, 0)
-1453 -1451 0
c (6, 0, 2) => not (6, 0, 0)
-1453 -1452 0
c (6, 0, 2) => not (6, 0, 1)
-1454 -1451 0
c (6, 0, 3) => not (6, 0, 0)
-1454 -1452 0
c (6, 0, 3) => not (6, 0, 1)
-1454 -1453 0
c (6, 0, 3) => not (6, 0, 2)
-1451 61 0
c (6, 0, 0) => (6, 0)
-1451 62 0
c (6, 0, 0) => (6, 1)
-1451 -63 0
c (6, 0, 0) =>  not (6, 2)
-1452 62 0
c (6, 0, 1) => (6, 1)
-1452 63 0
c (6, 0, 1) => (6, 2)
-1452 -64 0
c (6, 0, 1) =>  not (6, 3)
-1453 63 0
c (6, 0, 2) => (6, 2)
-1453 64 0
c (6, 0, 2) => (6, 3)
-1453 -65 0
c (6, 0, 2) =>  not (6, 4)
-1454 64 0
c (6, 0, 3) => (6, 3)
-1454 65 0
c (6, 0, 3) => (6, 4)
1676 1677 1678 0
c (7, 0, 0) or (7, 0, 1) or (7, 0, 2)
-1677 -1676 0
c (7, 0, 1) => not (7, 0, 0)
-1678 -1676 0
c (7, 0, 2) => not (7, 0, 0)
-1678 -1677 0
c (7, 0, 2) => not (7, 0, 1)
-1676 -1691 0
c (7, 0, 0) => not (7, 1, 0)
-1676 -1692 0
c (7, 0, 0) => not (7, 1, 1)
-1677 -1692 0
c (7, 0, 1) => not (7, 1, 1)
-1677 -1693 0
c (7, 0, 1) => not (7, 1, 2)
-1678 -1693 0
c (7, 0, 2) => not (7, 1, 2)
-1678 -1694 0
c (7, 0, 2) => not (7, 1, 3)
-1676 71 0
c (7, 0, 0) => (7, 0)
-1676 -72 0
c (7, 0, 0) =>  not (7, 1)
-1677 72 0
c (7, 0, 1) => (7, 1)
-1677 -73 0
c (7, 0, 1) =>  not (7, 2)
-1678 73 0
c (7, 0, 2) => (7, 2)
-1678 -74 0
c (7, 0, 2) =>  not (7, 3)
1693 1694 1695 0
c (7, 1, 2) or (7, 1, 3) or (7, 1, 4)
-1694 -1693 0
c (7, 1, 3) => not (7, 1, 2)
-1695 -1693 0
c (7, 1, 4) => not (7, 1, 2)
-1695 -1694 0
c (7, 1, 4) => not (7, 1, 3)
-1693 73 0
c (7, 1, 2) => (7, 2)
-1693 -74 0
c (7, 1, 2) =>  not (7, 3)
-1694 74 0
c (7, 1, 3) => (7, 3)
-1694 -75 0
c (7, 1, 3) =>  not (7, 4)
-1695 75 0
c (7, 1, 4) => (7, 4)
1901 1902 0
c (8, 0, 0) or (8, 0, 1)
-1902 -1901 0
c (8, 0, 1) => not (8, 0, 0)
-1901 -1916 0
c (8, 0, 0) => not (8, 1, 0)
-1901 -1917 0
c (8, 0, 0) => not (8, 1, 1)
-1902 -1917 0
c (8, 0, 1) => not (8, 1, 1)
-1902 -1918 0
c (8, 0, 1) => not (8, 1, 2)
-1901 81 0
c (8, 0, 0) => (8, 0)
-1901 -82 0
c (8, 0, 0) =>  not (8, 1)
-1902 82 0
c (8, 0, 1) => (8, 1)
-1902 -83 0
c (8, 0, 1) =>  not (8, 2)
1918 1919 0
c (8, 1, 2) or (8, 1, 3)
-1919 -1918 0
c (8, 1, 3) => not (8, 1, 2)
-1918 83 0
c (8, 1, 2) => (8, 2)
-1918 84 0
c (8, 1, 2) => (8, 3)
-1918 -85 0
c (8, 1, 2) =>  not (8, 4)
-1919 84 0
c (8, 1, 3) => (8, 3)
-1919 85 0
c (8, 1, 3) => (8, 4)
2126 2127 2128 2129 0
c (9, 0, 0) or (9, 0, 1) or (9, 0, 2) or (9, 0, 3)
-2127 -2126 0
c (9, 0, 1) => not (9, 0, 0)
-2128 -2126 0
c (9, 0, 2) => not (9, 0, 0)
-2128 -2127 0
c (9, 0, 2) => not (9, 0, 1)
-2129 -2126 0
c (9, 0, 3) => not (9, 0, 0)
-2129 -2127 0
c (9, 0, 3) => not (9, 0, 1)
-2129 -2128 0
c (9, 0, 3) => not (9, 0, 2)
-2126 91 0
c (9, 0, 0) => (9, 0)
-2126 92 0
c (9, 0, 0) => (9, 1)
-2126 -93 0
c (9, 0, 0) =>  not (9, 2)
-2127 92 0
c (9, 0, 1) => (9, 1)
-2127 93 0
c (9, 0, 1) => (9, 2)
-2127 -94 0
c (9, 0, 1) =>  not (9, 3)
-2128 93 0
c (9, 0, 2) => (9, 2)
-2128 94 0
c (9, 0, 2) => (9, 3)
-2128 -95 0
c (9, 0, 2) =>  not (9, 4)
-2129 94 0
c (9, 0, 3) => (9, 3)
-2129 95 0
c (9, 0, 3) => (9, 4)
2351 2352 2353 2354 2355 2356 2357 0
c (10, 0, 0) or (10, 0, 1) or (10, 0, 2) or (10, 0, 3) or (10, 0, 4) or (10, 0, 5) or (10, 0, 6)
-2352 -2351 0
c (10, 0, 1) => not (10, 0, 0)
-2353 -2351 0
c (10, 0, 2) => not (10, 0, 0)
-2353 -2352 0
c (10, 0, 2) => not (10, 0, 1)
-2354 -2351 0
c (10, 0, 3) => not (10, 0, 0)
-2354 -2352 0
c (10, 0, 3) => not (10, 0, 1)
-2354 -2353 0
c (10, 0, 3) => not (10, 0, 2)
-2355 -2351 0
c (10, 0, 4) => not (10, 0, 0)
-2355 -2352 0
c (10, 0, 4) => not (10, 0, 1)
-2355 -2353 0
c (10, 0, 4) => not (10, 0, 2)
-2355 -2354 0
c (10, 0, 4) => not (10, 0, 3)
-2356 -2351 0
c (10, 0, 5) => not (10, 0, 0)
-2356 -2352 0
c (10, 0, 5) => not (10, 0, 1)
-2356 -2353 0
c (10, 0, 5) => not (10, 0, 2)
-2356 -2354 0
c (10, 0, 5) => not (10, 0, 3)
-2356 -2355 0
c (10, 0, 5) => not (10, 0, 4)
-2357 -2351 0
c (10, 0, 6) => not (10, 0, 0)
-2357 -2352 0
c (10, 0, 6) => not (10, 0, 1)
-2357 -2353 0
c (10, 0, 6) => not (10, 0, 2)
-2357 -2354 0
c (10, 0, 6) => not (10, 0, 3)
-2357 -2355 0
c (10, 0, 6) => not (10, 0, 4)
-2357 -2356 0
c (10, 0, 6) => not (10, 0, 5)
-2351 -2366 0
c (10, 0, 0) => not (10, 1, 0)
-2351 -2367 0
c (10, 0, 0) => not (10, 1, 1)
-2351 -2368 0
c (10, 0, 0) => not (10, 1, 2)
-2352 -2367 0
c (10, 0, 1) => not (10, 1, 1)
-2352 -2368 0
c (10, 0, 1) => not (10, 1, 2)
-2352 -2369 0
c (10, 0, 1) => not (10, 1, 3)
-2353 -2368 0
c (10, 0, 2) => not (10, 1, 2)
-2353 -2369 0
c (10, 0, 2) => not (10, 1, 3)
-2353 -2370 0
c (10, 0, 2) => not (10, 1, 4)
-2354 -2369 0
c (10, 0, 3) => not (10, 1, 3)
-2354 -2370 0
c (10, 0, 3) => not (10, 1, 4)
-2354 -2371 0
c (10, 0, 3) => not (10, 1, 5)
-2355 -2370 0
c (10, 0, 4) => not (10, 1, 4)
-2355 -2371 0
c (10, 0, 4) => not (10, 1, 5)
-2355 -2372 0
c (10, 0, 4) => not (10, 1, 6)
-2356 -2371 0
c (10, 0, 5) => not (10, 1, 5)
-2356 -2372 0
c (10, 0, 5) => not (10, 1, 6)
-2356 -2373 0
c (10, 0, 5) => not (10, 1, 7)
-2357 -2372 0
c (10, 0, 6) => not (10, 1, 6)
-2357 -2373 0
c (10, 0, 6) => not (10, 1, 7)
-2357 -2374 0
c (10, 0, 6) => not (10, 1, 8)
-2351 1 0
c (10, 0, 0) => (0, 0)
-2351 11 0
c (10, 0, 0) => (1, 0)
-2351 -21 0
c (10, 0, 0) =>  not (2, 0)
-2352 11 0
c (10, 0, 1) => (1, 0)
-2352 21 0
c (10, 0, 1) => (2, 0)
-2352 -31 0
c (10, 0, 1) =>  not (3, 0)
-2353 21 0
c (10, 0, 2) => (2, 0)
-2353 31 0
c (10, 0, 2) => (3, 0)
-2353 -41 0
c (10, 0, 2) =>  not (4, 0)
-2354 31 0
c (10, 0, 3) => (3, 0)
-2354 41 0
c (10, 0, 3) => (4, 0)
-2354 -51 0
c (10, 0, 3) =>  not (5, 0)
-2355 41 0
c (10, 0, 4) => (4, 0)
-2355 51 0
c (10, 0, 4) => (5, 0)
-2355 -61 0
c (10, 0, 4) =>  not (6, 0)
-2356 51 0
c (10, 0, 5) => (5, 0)
-2356 61 0
c (10, 0, 5) => (6, 0)
-2356 -71 0
c (10, 0, 5) =>  not (7, 0)
-2357 61 0
c (10, 0, 6) => (6, 0)
-2357 71 0
c (10, 0, 6) => (7, 0)
-2357 -81 0
c (10, 0, 6) =>  not (8, 0)
2369 2370 2371 2372 2373 2374 2375 0
c (10, 1, 3) or (10, 1, 4) or (10, 1, 5) or (10, 1, 6) or (10, 1, 7) or (10, 1, 8) or (10, 1, 9)
-2370 -2369 0
c (10, 1, 4) => not (10, 1, 3)
-2371 -2369 0
c (10, 1, 5) => not (10, 1, 3)
-2371 -2370 0
c (10, 1, 5) => not (10, 1, 4)
-2372 -2369 0
c (10, 1, 6) => not (10, 1, 3)
-2372 -2370 0
c (10, 1, 6) => not (10, 1, 4)
-2372 -2371 0
c (10, 1, 6) => not (10, 1, 5)
-2373 -2369 0
c (10, 1, 7) => not (10, 1, 3)
-2373 -2370 0
c (10, 1, 7) => not (10, 1, 4)
-2373 -2371 0
c (10, 1, 7) => not (10, 1, 5)
-2373 -2372 0
c (10, 1, 7) => not (10, 1, 6)
-2374 -2369 0
c (10, 1, 8) => not (10, 1, 3)
-2374 -2370 0
c (10, 1, 8) => not (10, 1, 4)
-2374 -2371 0
c (10, 1, 8) => not (10, 1, 5)
-2374 -2372 0
c (10, 1, 8) => not (10, 1, 6)
-2374 -2373 0
c (10, 1, 8) => not (10, 1, 7)
-2375 -2369 0
c (10, 1, 9) => not (10, 1, 3)
-2375 -2370 0
c (10, 1, 9) => not (10, 1, 4)
-2375 -2371 0
c (10, 1, 9) => not (10, 1, 5)
-2375 -2372 0
c (10, 1, 9) => not (10, 1, 6)
-2375 -2373 0
c (10, 1, 9) => not (10, 1, 7)
-2375 -2374 0
c (10, 1, 9) => not (10, 1, 8)
-2369 31 0
c (10, 1, 3) => (3, 0)
-2369 -41 0
c (10, 1, 3) =>  not (4, 0)
-2370 41 0
c (10, 1, 4) => (4, 0)
-2370 -51 0
c (10, 1, 4) =>  not (5, 0)
-2371 51 0
c (10, 1, 5) => (5, 0)
-2371 -61 0
c (10, 1, 5) =>  not (6, 0)
-2372 61 0
c (10, 1, 6) => (6, 0)
-2372 -71 0
c (10, 1, 6) =>  not (7, 0)
-2373 71 0
c (10, 1, 7) => (7, 0)
-2373 -81 0
c (10, 1, 7) =>  not (8, 0)
-2374 81 0
c (10, 1, 8) => (8, 0)
-2374 -91 0
c (10, 1, 8) =>  not (9, 0)
-2375 91 0
c (10, 1, 9) => (9, 0)
2576 2577 2578 0
c (11, 0, 0) or (11, 0, 1) or (11, 0, 2)
-2577 -2576 0
c (11, 0, 1) => not (11, 0, 0)
-2578 -2576 0
c (11, 0, 2) => not (11, 0, 0)
-2578 -2577 0
c (11, 0, 2) => not (11, 0, 1)
-2576 -2591 0
c (11, 0, 0) => not (11, 1, 0)
-2576 -2592 0
c (11, 0, 0) => not (11, 1, 1)
-2576 -2593 0
c (11, 0, 0) => not (11, 1, 2)
-2577 -2592 0
c (11, 0, 1) => not (11, 1, 1)
-2577 -2593 0
c (11, 0, 1) => not (11, 1, 2)
-2577 -2594 0
c (11, 0, 1) => not (11, 1, 3)
-2578 -2593 0
c (11, 0, 2) => not (11, 1, 2)
-2578 -2594 0
c (11, 0, 2) => not (11, 1, 3)
-2578 -2595 0
c (11, 0, 2) => not (11, 1, 4)
-2576 2 0
c (11, 0, 0) => (0, 1)
-2576 12 0
c (11, 0, 0) => (1, 1)
-2576 -22 0
c (11, 0, 0) =>  not (2, 1)
-2577 12 0
c (11, 0, 1) => (1, 1)
-2577 22 0
c (11, 0, 1) => (2, 1)
-2577 -32 0
c (11, 0, 1) =>  not (3, 1)
-2578 22 0
c (11, 0, 2) => (2, 1)
-2578 32 0
c (11, 0, 2) => (3, 1)
-2578 -42 0
c (11, 0, 2) =>  not (4, 1)
2594 2595 2596 0
c (11, 1, 3) or (11, 1, 4) or (11, 1, 5)
-2595 -2594 0
c (11, 1, 4) => not (11, 1, 3)
-2596 -2594 0
c (11, 1, 5) => not (11, 1, 3)
-2596 -2595 0
c (11, 1, 5) => not (11, 1, 4)
-2594 -2609 0
c (11, 1, 3) => not (11, 2, 3)
-2594 -2610 0
c (11, 1, 3) => not (11, 2, 4)
-2595 -2610 0
c (11, 1, 4) => not (11, 2, 4)
-2595 -2611 0
c (11, 1, 4) => not (11, 2, 5)
-2596 -2611 0
c (11, 1, 5) => not (11, 2, 5)
-2596 -2612 0
c (11, 1, 5) => not (11, 2, 6)
-2594 32 0
c (11, 1, 3) => (3, 1)
-2594 -42 0
c (11, 1, 3) =>  not (4, 1)
-2595 42 0
c (11, 1, 4) => (4, 1)
-2595 -52 0
c (11, 1, 4) =>  not (5, 1)
-2596 52 0
c (11, 1, 5) => (5, 1)
-2596 -62 0
c (11, 1, 5) =>  not (6, 1)
2611 2612 2613 0
c (11, 2, 5) or (11, 2, 6) or (11, 2, 7)
-2612 -2611 0
c (11, 2, 6) => not (11, 2, 5)
-2613 -2611 0
c (11, 2, 7) => not (11, 2, 5)
-2613 -2612 0
c (11, 2, 7) => not (11, 2, 6)
-2611 52 0
c (11, 2, 5) => (5, 1)
-2611 62 0
c (11, 2, 5) => (6, 1)
-2611 72 0
c (11, 2, 5) => (7, 1)
-2611 -82 0
c (11, 2, 5) =>  not (8, 1)
-2612 62 0
c (11, 2, 6) => (6, 1)
-2612 72 0
c (11, 2, 6) => (7, 1)
-2612 82 0
c (11, 2, 6) => (8, 1)
-2612 -92 0
c (11, 2, 6) =>  not (9, 1)
-2613 72 0
c (11, 2, 7) => (7, 1)
-2613 82 0
c (11, 2, 7) => (8, 1)
-2613 92 0
c (11, 2, 7) => (9, 1)
2801 2802 2803 2804 0
c (12, 0, 0) or (12, 0, 1) or (12, 0, 2) or (12, 0, 3)
-2802 -2801 0
c (12, 0, 1) => not (12, 0, 0)
-2803 -2801 0
c (12, 0, 2) => not (12, 0, 0)
-2803 -2802 0
c (12, 0, 2) => not (12, 0, 1)
-2804 -2801 0
c (12, 0, 3) => not (12, 0, 0)
-2804 -2802 0
c (12, 0, 3) => not (12, 0, 1)
-2804 -2803 0
c (12, 0, 3) => not (12, 0, 2)
-2801 3 0
c (12, 0, 0) => (0, 2)
-2801 13 0
c (12, 0, 0) => (1, 2)
-2801 23 0
c (12, 0, 0) => (2, 2)
-2801 33 0
c (12, 0, 0) => (3, 2)
-2801 43 0
c (12, 0, 0) => (4, 2)
-2801 53 0
c (12, 0, 0) => (5, 2)
-2801 63 0
c (12, 0, 0) => (6, 2)
-2801 -73 0
c (12, 0, 0) =>  not (7, 2)
-2802 13 0
c (12, 0, 1) => (1, 2)
-2802 23 0
c (12, 0, 1) => (2, 2)
-2802 33 0
c (12, 0, 1) => (3, 2)
-2802 43 0
c (12, 0, 1) => (4, 2)
-2802 53 0
c (12, 0, 1) => (5, 2)
-2802 63 0
c (12, 0, 1) => (6, 2)
-2802 73 0
c (12, 0, 1) => (7, 2)
-2802 -83 0
c (12, 0, 1) =>  not (8, 2)
-2803 23 0
c (12, 0, 2) => (2, 2)
-2803 33 0
c (12, 0, 2) => (3, 2)
-2803 43 0
c (12, 0, 2) => (4, 2)
-2803 53 0
c (12, 0, 2) => (5, 2)
-2803 63 0
c (12, 0, 2) => (6, 2)
-2803 73 0
c (12, 0, 2) => (7, 2)
-2803 83 0
c (12, 0, 2) => (8, 2)
-2803 -93 0
c (12, 0, 2) =>  not (9, 2)
-2804 33 0
c (12, 0, 3) => (3, 2)
-2804 43 0
c (12, 0, 3) => (4, 2)
-2804 53 0
c (12, 0, 3) => (5, 2)
-2804 63 0
c (12, 0, 3) => (6, 2)
-2804 73 0
c (12, 0, 3) => (7, 2)
-2804 83 0
c (12, 0, 3) => (8, 2)
-2804 93 0
c (12, 0, 3) => (9, 2)
3026 3027 3028 3029 3030 3031 0
c (13, 0, 0) or (13, 0, 1) or (13, 0, 2) or (13, 0, 3) or (13, 0, 4) or (13, 0, 5)
-3027 -3026 0
c (13, 0, 1) => not (13, 0, 0)
-3028 -3026 0
c (13, 0, 2) => not (13, 0, 0)
-3028 -3027 0
c (13, 0, 2) => not (13, 0, 1)
-3029 -3026 0
c (13, 0, 3) => not (13, 0, 0)
-3029 -3027 0
c (13, 0, 3) => not (13, 0, 1)
-3029 -3028 0
c (13, 0, 3) => not (13, 0, 2)
-3030 -3026 0
c (13, 0, 4) => not (13, 0, 0)
-3030 -3027 0
c (13, 0, 4) => not (13, 0, 1)
-3030 -3028 0
c (13, 0, 4) => not (13, 0, 2)
-3030 -3029 0
c (13, 0, 4) => not (13, 0, 3)
-3031 -3026 0
c (13, 0, 5) => not (13, 0, 0)
-3031 -3027 0
c (13, 0, 5) => not (13, 0, 1)
-3031 -3028 0
c (13, 0, 5) => not (13, 0, 2)
-3031 -3029 0
c (13, 0, 5) => not (13, 0, 3)
-3031 -3030 0
c (13, 0, 5) => not (13, 0, 4)
-3026 -3041 0
c (13, 0, 0) => not (13, 1, 0)
-3026 -3042 0
c (13, 0, 0) => not (13, 1, 1)
-3027 -3042 0
c (13, 0, 1) => not (13, 1, 1)
-3027 -3043 0
c (13, 0, 1) => not (13, 1, 2)
-3028 -3043 0
c (13, 0, 2) => not (13, 1, 2)
-3028 -3044 0
c (13, 0, 2) => not (13, 1, 3)
-3029 -3044 0
c (13, 0, 3) => not (13, 1, 3)
-3029 -3045 0
c (13, 0, 3) => not (13, 1, 4)
-3030 -3045 0
c (13, 0, 4) => not (13, 1, 4)
-3030 -3046 0
c (13, 0, 4) => not (13, 1, 5)
-3031 -3046 0
c (13, 0, 5) => not (13, 1, 5)
-3031 -3047 0
c (13, 0, 5) => not (13, 1, 6)
-3026 4 0
c (13, 0, 0) => (0, 3)
-3026 -14 0
c (13, 0, 0) =>  not (1, 3)
-3027 14 0
c (13, 0, 1) => (1, 3)
-3027 -24 0
c (13, 0, 1) =>  not (2, 3)
-3028 24 0
c (13, 0, 2) => (2, 3)
-3028 -34 0
c (13, 0, 2) =>  not (3, 3)
-3029 34 0
c (13, 0, 3) => (3, 3)
-3029 -44 0
c (13, 0, 3) =>  not (4, 3)
-3030 44 0
c (13, 0, 4) => (4, 3)
-3030 -54 0
c (13, 0, 4) =>  not (5, 3)
-3031 54 0
c (13, 0, 5) => (5, 3)
-3031 -64 0
c (13, 0, 5) =>  not (6, 3)
3043 3044 3045 3046 3047 3048 0
c (13, 1, 2) or (13, 1, 3) or (13, 1, 4) or (13, 1, 5) or (13, 1, 6) or (13, 1, 7)
-3044 -3043 0
c (13, 1, 3) => not (13, 1, 2)
-3045 -3043 0
c (13, 1, 4) => not (13, 1, 2)
-3045 -3044 0
c (13, 1, 4) => not (13, 1, 3)
-3046 -3043 0
c (13, 1, 5) => not (13, 1, 2)
-3046 -3044 0
c (13, 1, 5) => not (13, 1, 3)
-3046 -3045 0
c (13, 1, 5) => not (13, 1, 4)
-3047 -3043 0
c (13, 1, 6) => not (13, 1, 2)
-3047 -3044 0
c (13, 1, 6) => not (13, 1, 3)
-3047 -3045 0
c (13, 1, 6) => not (13, 1, 4)
-3047 -3046 0
c (13, 1, 6) => not (13, 1, 5)
-3048 -3043 0
c (13, 1, 7) => not (13, 1, 2)
-3048 -3044 0
c (13, 1, 7) => not (13, 1, 3)
-3048 -3045 0
c (13, 1, 7) => not (13, 1, 4)
-3048 -3046 0
c (13, 1, 7) => not (13, 1, 5)
-3048 -3047 0
c (13, 1, 7) => not (13, 1, 6)
-3043 24 0
c (13, 1, 2) => (2, 3)
-3043 34 0
c (13, 1, 2) => (3, 3)
-3043 44 0
c (13, 1, 2) => (4, 3)
-3043 -54 0
c (13, 1, 2) =>  not (5, 3)
-3044 34 0
c (13, 1, 3) => (3, 3)
-3044 44 0
c (13, 1, 3) => (4, 3)
-3044 54 0
c (13, 1, 3) => (5, 3)
-3044 -64 0
c (13, 1, 3) =>  not (6, 3)
-3045 44 0
c (13, 1, 4) => (4, 3)
-3045 54 0
c (13, 1, 4) => (5, 3)
-3045 64 0
c (13, 1, 4) => (6, 3)
-3045 -74 0
c (13, 1, 4) =>  not (7, 3)
-3046 54 0
c (13, 1, 5) => (5, 3)
-3046 64 0
c (13, 1, 5) => (6, 3)
-3046 74 0
c (13, 1, 5) => (7, 3)
-3046 -84 0
c (13, 1, 5) =>  not (8, 3)
-3047 64 0
c (13, 1, 6) => (6, 3)
-3047 74 0
c (13, 1, 6) => (7, 3)
-3047 84 0
c (13, 1, 6) => (8, 3)
-3047 -94 0
c (13, 1, 6) =>  not (9, 3)
-3048 74 0
c (13, 1, 7) => (7, 3)
-3048 84 0
c (13, 1, 7) => (8, 3)
-3048 94 0
c (13, 1, 7) => (9, 3)
3251 3252 3253 3254 3255 3256 3257 0
c (14, 0, 0) or (14, 0, 1) or (14, 0, 2) or (14, 0, 3) or (14, 0, 4) or (14, 0, 5) or (14, 0, 6)
-3252 -3251 0
c (14, 0, 1) => not (14, 0, 0)
-3253 -3251 0
c (14, 0, 2) => not (14, 0, 0)
-3253 -3252 0
c (14, 0, 2) => not (14, 0, 1)
-3254 -3251 0
c (14, 0, 3) => not (14, 0, 0)
-3254 -3252 0
c (14, 0, 3) => not (14, 0, 1)
-3254 -3253 0
c (14, 0, 3) => not (14, 0, 2)
-3255 -3251 0
c (14, 0, 4) => not (14, 0, 0)
-3255 -3252 0
c (14, 0, 4) => not (14, 0, 1)
-3255 -3253 0
c (14, 0, 4) => not (14, 0, 2)
-3255 -3254 0
c (14, 0, 4) => not (14, 0, 3)
-3256 -3251 0
c (14, 0, 5) => not (14, 0, 0)
-3256 -3252 0
c (14, 0, 5) => not (14, 0, 1)
-3256 -3253 0
c (14, 0, 5) => not (14, 0, 2)
-3256 -3254 0
c (14, 0, 5) => not (14, 0, 3)
-3256 -3255 0
c (14, 0, 5) => not (14, 0, 4)
-3257 -3251 0
c (14, 0, 6) => not (14, 0, 0)
-3257 -3252 0
c (14, 0, 6) => not (14, 0, 1)
-3257 -3253 0
c (14, 0, 6) => not (14, 0, 2)
-3257 -3254 0
c (14, 0, 6) => not (14, 0, 3)
-3257 -3255 0
c (14, 0, 6) => not (14, 0, 4)
-3257 -3256 0
c (14, 0, 6) => not (14, 0, 5)
-3251 -3266 0
c (14, 0, 0) => not (14, 1, 0)
-3251 -3267 0
c (14, 0, 0) => not (14, 1, 1)
-3251 -3268 0
c (14, 0, 0) => not (14, 1, 2)
-3252 -3267 0
c (14, 0, 1) => not (14, 1, 1)
-3252 -3268 0
c (14, 0, 1) => not (14, 1, 2)
-3252 -3269 0
c (14, 0, 1) => not (14, 1, 3)
-3253 -3268 0
c (14, 0, 2) => not (14, 1, 2)
-3253 -3269 0
c (14, 0, 2) => not (14, 1, 3)
-3253 -3270 0
c (14, 0, 2) => not (14, 1, 4)
-3254 -3269 0
c (14, 0, 3) => not (14, 1, 3)
-3254 -3270 0
c (14, 0, 3) => not (14, 1, 4)
-3254 -3271 0
c (14, 0, 3) => not (14, 1, 5)
-3255 -3270 0
c (14, 0, 4) => not (14, 1, 4)
-3255 -3271 0
c (14, 0, 4) => not (14, 1, 5)
-3255 -3272 0
c (14, 0, 4) => not (14, 1, 6)
-3256 -3271 0
c (14, 0, 5) => not (14, 1, 5)
-3256 -3272 0
c (14, 0, 5) => not (14, 1, 6)
-3256 -3273 0
c (14, 0, 5) => not (14, 1, 7)
-3257 -3272 0
c (14, 0, 6) => not (14, 1, 6)
-3257 -3273 0
c (14, 0, 6) => not (14, 1, 7)
-3257 -3274 0
c (14, 0, 6) => not (14, 1, 8)
-3251 5 0
c (14, 0, 0) => (0, 4)
-3251 15 0
c (14, 0, 0) => (1, 4)
-3251 -25 0
c (14, 0, 0) =>  not (2, 4)
-3252 15 0
c (14, 0, 1) => (1, 4)
-3252 25 0
c (14, 0, 1) => (2, 4)
-3252 -35 0
c (14, 0, 1) =>  not (3, 4)
-3253 25 0
c (14, 0, 2) => (2, 4)
-3253 35 0
c (14, 0, 2) => (3, 4)
-3253 -45 0
c (14, 0, 2) =>  not (4, 4)
-3254 35 0
c (14, 0, 3) => (3, 4)
-3254 45 0
c (14, 0, 3) => (4, 4)
-3254 -55 0
c (14, 0, 3) =>  not (5, 4)
-3255 45 0
c (14, 0, 4) => (4, 4)
-3255 55 0
c (14, 0, 4) => (5, 4)
-3255 -65 0
c (14, 0, 4) =>  not (6, 4)
-3256 55 0
c (14, 0, 5) => (5, 4)
-3256 65 0
c (14, 0, 5) => (6, 4)
-3256 -75 0
c (14, 0, 5) =>  not (7, 4)
-3257 65 0
c (14, 0, 6) => (6, 4)
-3257 75 0
c (14, 0, 6) => (7, 4)
-3257 -85 0
c (14, 0, 6) =>  not (8, 4)
3269 3270 3271 3272 3273 3274 3275 0
c (14, 1, 3) or (14, 1, 4) or (14, 1, 5) or (14, 1, 6) or (14, 1, 7) or (14, 1, 8) or (14, 1, 9)
-3270 -3269 0
c (14, 1, 4) => not (14, 1, 3)
-3271 -3269 0
c (14, 1, 5) => not (14, 1, 3)
-3271 -3270 0
c (14, 1, 5) => not (14, 1, 4)
-3272 -3269 0
c (14, 1, 6) => not (14, 1, 3)
-3272 -3270 0
c (14, 1, 6) => not (14, 1, 4)
-3272 -3271 0
c (14, 1, 6) => not (14, 1, 5)
-3273 -3269 0
c (14, 1, 7) => not (14, 1, 3)
-3273 -3270 0
c (14, 1, 7) => not (14, 1, 4)
-3273 -3271 0
c (14, 1, 7) => not (14, 1, 5)
-3273 -3272 0
c (14, 1, 7) => not (14, 1, 6)
-3274 -3269 0
c (14, 1, 8) => not (14, 1, 3)
-3274 -3270 0
c (14, 1, 8) => not (14, 1, 4)
-3274 -3271 0
c (14, 1, 8) => not (14, 1, 5)
-3274 -3272 0
c (14, 1, 8) => not (14, 1, 6)
-3274 -3273 0
c (14, 1, 8) => not (14, 1, 7)
-3275 -3269 0
c (14, 1, 9) => not (14, 1, 3)
-3275 -3270 0
c (14, 1, 9) => not (14, 1, 4)
-3275 -3271 0
c (14, 1, 9) => not (14, 1, 5)
-3275 -3272 0
c (14, 1, 9) => not (14, 1, 6)
-3275 -3273 0
c (14, 1, 9) => not (14, 1, 7)
-3275 -3274 0
c (14, 1, 9) => not (14, 1, 8)
-3269 35 0
c (14, 1, 3) => (3, 4)
-3269 -45 0
c (14, 1, 3) =>  not (4, 4)
-3270 45 0
c (14, 1, 4) => (4, 4)
-3270 -55 0
c (14, 1, 4) =>  not (5, 4)
-3271 55 0
c (14, 1, 5) => (5, 4)
-3271 -65 0
c (14, 1, 5) =>  not (6, 4)
-3272 65 0
c (14, 1, 6) => (6, 4)
-3272 -75 0
c (14, 1, 6) =>  not (7, 4)
-3273 75 0
c (14, 1, 7) => (7, 4)
-3273 -85 0
c (14, 1, 7) =>  not (8, 4)
-3274 85 0
c (14, 1, 8) => (8, 4)
-3274 -95 0
c (14, 1, 8) =>  not (9, 4)
-3275 95 0
c (14, 1, 9) => (9, 4)
-1 101 0
c (0, 0) => (0, 0, 0)
-1 2351 0
c (0, 0) => (10, 0, 0)
-2 102 101 0
c (0, 1) => (0, 0, 1) or (0, 0, 0)
-2 2576 0
c (0, 1) => (11, 0, 0)
-3 103 102 0
c (0, 2) => (0, 0, 2) or (0, 0, 1)
-3 2801 0
c (0, 2) => (12, 0, 0)
-4 104 103 0
c (0, 3) => (0, 0, 3) or (0, 0, 2)
-4 3026 0
c (0, 3) => (13, 0, 0)
-5 104 0
c (0, 4) => (0, 0, 3)
-5 3251 0
c (0, 4) => (14, 0, 0)
-11 326 0
c (1, 0) => (1, 0, 0)
-11 2352 2351 0
c (1, 0) => (10, 0, 1) or (10, 0, 0)
-12 327 326 0
c (1, 1) => (1, 0, 1) or (1, 0, 0)
-12 2577 2576 0
c (1, 1) => (11, 0, 1) or (11, 0, 0)
-13 327 0
c (1, 2) => (1, 0, 1)
-13 2802 2801 0
c (1, 2) => (12, 0, 1) or (12, 0, 0)
-14 344 0
c (1, 3) => (1, 1, 3)
-14 3027 0
c (1, 3) => (13, 0, 1)
-15 345 0
c (1, 4) => (1, 1, 4)
-15 3252 3251 0
c (1, 4) => (14, 0, 1) or (14, 0, 0)
-21 551 0
c (2, 0) => (2, 0, 0)
-21 2353 2352 0
c (2, 0) => (10, 0, 2) or (10, 0, 1)
-22 552 0
c (2, 1) => (2, 0, 1)
-22 2578 2577 0
c (2, 1) => (11, 0, 2) or (11, 0, 1)
-23 553 568 0
c (2, 2) => (2, 0, 2) or (2, 1, 2)
-23 2803 2802 2801 0
c (2, 2) => (12, 0, 2) or (12, 0, 1) or (12, 0, 0)
-24 569 0
c (2, 3) => (2, 1, 3)
-24 3028 3043 0
c (2, 3) => (13, 0, 2) or (13, 1, 2)
-25 570 0
c (2, 4) => (2, 1, 4)
-25 3253 3252 0
c (2, 4) => (14, 0, 2) or (14, 0, 1)
-31 776 0
c (3, 0) => (3, 0, 0)
-31 2354 2353 2369 0
c (3, 0) => (10, 0, 3) or (10, 0, 2) or (10, 1, 3)
-32 777 776 0
c (3, 1) => (3, 0, 1) or (3, 0, 0)
-32 2578 2594 0
c (3, 1) => (11, 0, 2) or (11, 1, 3)
-33 778 777 776 0
c (3, 2) => (3, 0, 2) or (3, 0, 1) or (3, 0, 0)
-33 2804 2803 2802 2801 0
c (3, 2) => (12, 0, 3) or (12, 0, 2) or (12, 0, 1) or (12, 0, 0)
-34 778 777 0
c (3, 3) => (3, 0, 2) or (3, 0, 1)
-34 3029 3044 3043 0
c (3, 3) => (13, 0, 3) or (13, 1, 3) or (13, 1, 2)
-35 778 0
c (3, 4) => (3, 0, 2)
-35 3254 3253 3269 0
c (3, 4) => (14, 0, 3) or (14, 0, 2) or (14, 1, 3)
-41 1001 0
c (4, 0) => (4, 0, 0)
-41 2355 2354 2370 0
c (4, 0) => (10, 0, 4) or (10, 0, 3) or (10, 1, 4)
-42 1002 0
c (4, 1) => (4, 0, 1)
-42 2595 0
c (4, 1) => (11, 1, 4)
-43 1003 1018 0
c (4, 2) => (4, 0, 2) or (4, 1, 2)
-43 2804 2803 2802 2801 0
c (4, 2) => (12, 0, 3) or (12, 0, 2) or (12, 0, 1) or (12, 0, 0)
-44 1019 0
c (4, 3) => (4, 1, 3)
-44 3030 3045 3044 3043 0
c (4, 3) => (13, 0, 4) or (13, 1, 4) or (13, 1, 3) or (13, 1, 2)
-45 1020 0
c (4, 4) => (4, 1, 4)
-45 3255 3254 3270 0
c (4, 4) => (14, 0, 4) or (14, 0, 3) or (14, 1, 4)
-51 1226 0
c (5, 0) => (5, 0, 0)
-51 2356 2355 2371 0
c (5, 0) => (10, 0, 5) or (10, 0, 4) or (10, 1, 5)
-52 1227 0
c (5, 1) => (5, 0, 1)
-52 2596 2611 0
c (5, 1) => (11, 1, 5) or (11, 2, 5)
-53 1228 1243 0
c (5, 2) => (5, 0, 2) or (5, 1, 2)
-53 2804 2803 2802 2801 0
c (5, 2) => (12, 0, 3) or (12, 0, 2) or (12, 0, 1) or (12, 0, 0)
-54 1244 0
c (5, 3) => (5, 1, 3)
-54 3031 3046 3045 3044 0
c (5, 3) => (13, 0, 5) or (13, 1, 5) or (13, 1, 4) or (13, 1, 3)
-55 1245 0
c (5, 4) => (5, 1, 4)
-55 3256 3255 3271 0
c (5, 4) => (14, 0, 5) or (14, 0, 4) or (14, 1, 5)
-61 1451 0
c (6, 0) => (6, 0, 0)
-61 2357 2356 2372 0
c (6, 0) => (10, 0, 6) or (10, 0, 5) or (10, 1, 6)
-62 1452 1451 0
c (6, 1) => (6, 0, 1) or (6, 0, 0)
-62 2612 2611 0
c (6, 1) => (11, 2, 6) or (11, 2, 5)
-63 1453 1452 0
c (6, 2) => (6, 0, 2) or (6, 0, 1)
-63 2804 2803 2802 2801 0
c (6, 2) => (12, 0, 3) or (12, 0, 2) or (12, 0, 1) or (12, 0, 0)
-64 1454 1453 0
c (6, 3) => (6, 0, 3) or (6, 0, 2)
-64 3047 3046 3045 0
c (6, 3) => (13, 1, 6) or (13, 1, 5) or (13, 1, 4)
-65 1454 0
c (6, 4) => (6, 0, 3)
-65 3257 3256 3272 0
c (6, 4) => (14, 0, 6) or (14, 0, 5) or (14, 1, 6)
-71 1676 0
c (7, 0) => (7, 0, 0)
-71 2357 2373 0
c (7, 0) => (10, 0, 6) or (10, 1, 7)
-72 1677 0
c (7, 1) => (7, 0, 1)
-72 2613 2612 2611 0
c (7, 1) => (11, 2, 7) or (11, 2, 6) or (11, 2, 5)
-73 1678 1693 0
c (7, 2) => (7, 0, 2) or (7, 1, 2)
-73 2804 2803 2802 0
c (7, 2) => (12, 0, 3) or (12, 0, 2) or (12, 0, 1)
-74 1694 0
c (7, 3) => (7, 1, 3)
-74 3048 3047 3046 0
c (7, 3) => (13, 1, 7) or (13, 1, 6) or (13, 1, 5)
-75 1695 0
c (7, 4) => (7, 1, 4)
-75 3257 3273 0
c (7, 4) => (14, 0, 6) or (14, 1, 7)
-81 1901 0
c (8, 0) => (8, 0, 0)
-81 2374 0
c (8, 0) => (10, 1, 8)
-82 1902 0
c (8, 1) => (8, 0, 1)
-82 2613 2612 0
c (8, 1) => (11, 2, 7) or (11, 2, 6)
-83 1918 0
c (8, 2) => (8, 1, 2)
-83 2804 2803 0
c (8, 2) => (12, 0, 3) or (12, 0, 2)
-84 1919 1918 0
c (8, 3) => (8, 1, 3) or (8, 1, 2)
-84 3048 3047 0
c (8, 3) => (13, 1, 7) or (13, 1, 6)
-85 1919 0
c (8, 4) => (8, 1, 3)
-85 3274 0
c (8, 4) => (14, 1, 8)
-91 2126 0
c (9, 0) => (9, 0, 0)
-91 2375 0
c (9, 0) => (10, 1, 9)
-92 2127 2126 0
c (9, 1) => (9, 0, 1) or (9, 0, 0)
-92 2613 0
c (9, 1) => (11, 2, 7)
-93 2128 2127 0
c (9, 2) => (9, 0, 2) or (9, 0, 1)
-93 2804 0
c (9, 2) => (12, 0, 3)
-94 2129 2128 0
c (9, 3) => (9, 0, 3) or (9, 0, 2)
-94 3048 0
c (9, 3) => (13, 1, 7)
-95 2129 0
c (9, 4) => (9, 0, 3)
-95 3275 0
c (9, 4) => (14, 1, 9)
