c Latin Square CNF file python generated.
1 2 3 4 5 6 7 8 0
-1 -3 0
-1 -4 0
-2 -4 0
-1 -5 0
-2 -5 0
-3 -5 0
-1 -6 0
-2 -6 0
-3 -6 0
-4 -6 0
-1 -7 0
-2 -7 0
-3 -7 0
-4 -7 0
-5 -7 0
-1 -8 0
-2 -8 0
-3 -8 0
-4 -8 0
-5 -8 0
-6 -8 0
-1 -9 0
-2 -9 0
-3 -9 0
-4 -9 0
-5 -9 0
-6 -9 0
-7 -9 0
9 10 11 12 13 14 15 16 0
-9 -11 0
-9 -12 0
-10 -12 0
-9 -13 0
-10 -13 0
-11 -13 0
-9 -14 0
-10 -14 0
-11 -14 0
-12 -14 0
-9 -15 0
-10 -15 0
-11 -15 0
-12 -15 0
-13 -15 0
-9 -16 0
-10 -16 0
-11 -16 0
-12 -16 0
-13 -16 0
-14 -16 0
-9 -17 0
-10 -17 0
-11 -17 0
-12 -17 0
-13 -17 0
-14 -17 0
-15 -17 0
17 18 19 20 21 22 23 24 0
-17 -19 0
-17 -20 0
-18 -20 0
-17 -21 0
-18 -21 0
-19 -21 0
-17 -22 0
-18 -22 0
-19 -22 0
-20 -22 0
-17 -23 0
-18 -23 0
-19 -23 0
-20 -23 0
-21 -23 0
-17 -24 0
-18 -24 0
-19 -24 0
-20 -24 0
-21 -24 0
-22 -24 0
-17 -25 0
-18 -25 0
-19 -25 0
-20 -25 0
-21 -25 0
-22 -25 0
-23 -25 0
25 26 27 28 29 30 31 32 0
-25 -27 0
-25 -28 0
-26 -28 0
-25 -29 0
-26 -29 0
-27 -29 0
-25 -30 0
-26 -30 0
-27 -30 0
-28 -30 0
-25 -31 0
-26 -31 0
-27 -31 0
-28 -31 0
-29 -31 0
-25 -32 0
-26 -32 0
-27 -32 0
-28 -32 0
-29 -32 0
-30 -32 0
-25 -33 0
-26 -33 0
-27 -33 0
-28 -33 0
-29 -33 0
-30 -33 0
-31 -33 0
33 34 35 36 37 38 39 40 0
-33 -35 0
-33 -36 0
-34 -36 0
-33 -37 0
-34 -37 0
-35 -37 0
-33 -38 0
-34 -38 0
-35 -38 0
-36 -38 0
-33 -39 0
-34 -39 0
-35 -39 0
-36 -39 0
-37 -39 0
-33 -40 0
-34 -40 0
-35 -40 0
-36 -40 0
-37 -40 0
-38 -40 0
-33 -41 0
-34 -41 0
-35 -41 0
-36 -41 0
-37 -41 0
-38 -41 0
-39 -41 0
41 42 43 44 45 46 47 48 0
-41 -43 0
-41 -44 0
-42 -44 0
-41 -45 0
-42 -45 0
-43 -45 0
-41 -46 0
-42 -46 0
-43 -46 0
-44 -46 0
-41 -47 0
-42 -47 0
-43 -47 0
-44 -47 0
-45 -47 0
-41 -48 0
-42 -48 0
-43 -48 0
-44 -48 0
-45 -48 0
-46 -48 0
-41 -49 0
-42 -49 0
-43 -49 0
-44 -49 0
-45 -49 0
-46 -49 0
-47 -49 0
49 50 51 52 53 54 55 56 0
-49 -51 0
-49 -52 0
-50 -52 0
-49 -53 0
-50 -53 0
-51 -53 0
-49 -54 0
-50 -54 0
-51 -54 0
-52 -54 0
-49 -55 0
-50 -55 0
-51 -55 0
-52 -55 0
-53 -55 0
-49 -56 0
-50 -56 0
-51 -56 0
-52 -56 0
-53 -56 0
-54 -56 0
-49 -57 0
-50 -57 0
-51 -57 0
-52 -57 0
-53 -57 0
-54 -57 0
-55 -57 0
57 58 59 60 61 62 63 64 0
-57 -59 0
-57 -60 0
-58 -60 0
-57 -61 0
-58 -61 0
-59 -61 0
-57 -62 0
-58 -62 0
-59 -62 0
-60 -62 0
-57 -63 0
-58 -63 0
-59 -63 0
-60 -63 0
-61 -63 0
-57 -64 0
-58 -64 0
-59 -64 0
-60 -64 0
-61 -64 0
-62 -64 0
-57 -65 0
-58 -65 0
-59 -65 0
-60 -65 0
-61 -65 0
-62 -65 0
-63 -65 0
65 66 67 68 69 70 71 72 0
-65 -67 0
-65 -68 0
-66 -68 0
-65 -69 0
-66 -69 0
-67 -69 0
-65 -70 0
-66 -70 0
-67 -70 0
-68 -70 0
-65 -71 0
-66 -71 0
-67 -71 0
-68 -71 0
-69 -71 0
-65 -72 0
-66 -72 0
-67 -72 0
-68 -72 0
-69 -72 0
-70 -72 0
-65 -73 0
-66 -73 0
-67 -73 0
-68 -73 0
-69 -73 0
-70 -73 0
-71 -73 0
73 74 75 76 77 78 79 80 0
-73 -75 0
-73 -76 0
-74 -76 0
-73 -77 0
-74 -77 0
-75 -77 0
-73 -78 0
-74 -78 0
-75 -78 0
-76 -78 0
-73 -79 0
-74 -79 0
-75 -79 0
-76 -79 0
-77 -79 0
-73 -80 0
-74 -80 0
-75 -80 0
-76 -80 0
-77 -80 0
-78 -80 0
-73 -81 0
-74 -81 0
-75 -81 0
-76 -81 0
-77 -81 0
-78 -81 0
-79 -81 0
81 82 83 84 85 86 87 88 0
-81 -83 0
-81 -84 0
-82 -84 0
-81 -85 0
-82 -85 0
-83 -85 0
-81 -86 0
-82 -86 0
-83 -86 0
-84 -86 0
-81 -87 0
-82 -87 0
-83 -87 0
-84 -87 0
-85 -87 0
-81 -88 0
-82 -88 0
-83 -88 0
-84 -88 0
-85 -88 0
-86 -88 0
-81 -89 0
-82 -89 0
-83 -89 0
-84 -89 0
-85 -89 0
-86 -89 0
-87 -89 0
89 90 91 92 93 94 95 96 0
-89 -91 0
-89 -92 0
-90 -92 0
-89 -93 0
-90 -93 0
-91 -93 0
-89 -94 0
-90 -94 0
-91 -94 0
-92 -94 0
-89 -95 0
-90 -95 0
-91 -95 0
-92 -95 0
-93 -95 0
-89 -96 0
-90 -96 0
-91 -96 0
-92 -96 0
-93 -96 0
-94 -96 0
-89 -97 0
-90 -97 0
-91 -97 0
-92 -97 0
-93 -97 0
-94 -97 0
-95 -97 0
97 98 99 100 101 102 103 104 0
-97 -99 0
-97 -100 0
-98 -100 0
-97 -101 0
-98 -101 0
-99 -101 0
-97 -102 0
-98 -102 0
-99 -102 0
-100 -102 0
-97 -103 0
-98 -103 0
-99 -103 0
-100 -103 0
-101 -103 0
-97 -104 0
-98 -104 0
-99 -104 0
-100 -104 0
-101 -104 0
-102 -104 0
-97 -105 0
-98 -105 0
-99 -105 0
-100 -105 0
-101 -105 0
-102 -105 0
-103 -105 0
105 106 107 108 109 110 111 112 0
-105 -107 0
-105 -108 0
-106 -108 0
-105 -109 0
-106 -109 0
-107 -109 0
-105 -110 0
-106 -110 0
-107 -110 0
-108 -110 0
-105 -111 0
-106 -111 0
-107 -111 0
-108 -111 0
-109 -111 0
-105 -112 0
-106 -112 0
-107 -112 0
-108 -112 0
-109 -112 0
-110 -112 0
-105 -113 0
-106 -113 0
-107 -113 0
-108 -113 0
-109 -113 0
-110 -113 0
-111 -113 0
113 114 115 116 117 118 119 120 0
-113 -115 0
-113 -116 0
-114 -116 0
-113 -117 0
-114 -117 0
-115 -117 0
-113 -118 0
-114 -118 0
-115 -118 0
-116 -118 0
-113 -119 0
-114 -119 0
-115 -119 0
-116 -119 0
-117 -119 0
-113 -120 0
-114 -120 0
-115 -120 0
-116 -120 0
-117 -120 0
-118 -120 0
-113 -121 0
-114 -121 0
-115 -121 0
-116 -121 0
-117 -121 0
-118 -121 0
-119 -121 0
121 122 123 124 125 126 127 128 0
-121 -123 0
-121 -124 0
-122 -124 0
-121 -125 0
-122 -125 0
-123 -125 0
-121 -126 0
-122 -126 0
-123 -126 0
-124 -126 0
-121 -127 0
-122 -127 0
-123 -127 0
-124 -127 0
-125 -127 0
-121 -128 0
-122 -128 0
-123 -128 0
-124 -128 0
-125 -128 0
-126 -128 0
-121 -129 0
-122 -129 0
-123 -129 0
-124 -129 0
-125 -129 0
-126 -129 0
-127 -129 0
129 130 131 132 133 134 135 136 0
-129 -131 0
-129 -132 0
-130 -132 0
-129 -133 0
-130 -133 0
-131 -133 0
-129 -134 0
-130 -134 0
-131 -134 0
-132 -134 0
-129 -135 0
-130 -135 0
-131 -135 0
-132 -135 0
-133 -135 0
-129 -136 0
-130 -136 0
-131 -136 0
-132 -136 0
-133 -136 0
-134 -136 0
-129 -137 0
-130 -137 0
-131 -137 0
-132 -137 0
-133 -137 0
-134 -137 0
-135 -137 0
137 138 139 140 141 142 143 144 0
-137 -139 0
-137 -140 0
-138 -140 0
-137 -141 0
-138 -141 0
-139 -141 0
-137 -142 0
-138 -142 0
-139 -142 0
-140 -142 0
-137 -143 0
-138 -143 0
-139 -143 0
-140 -143 0
-141 -143 0
-137 -144 0
-138 -144 0
-139 -144 0
-140 -144 0
-141 -144 0
-142 -144 0
-137 -145 0
-138 -145 0
-139 -145 0
-140 -145 0
-141 -145 0
-142 -145 0
-143 -145 0
145 146 147 148 149 150 151 152 0
-145 -147 0
-145 -148 0
-146 -148 0
-145 -149 0
-146 -149 0
-147 -149 0
-145 -150 0
-146 -150 0
-147 -150 0
-148 -150 0
-145 -151 0
-146 -151 0
-147 -151 0
-148 -151 0
-149 -151 0
-145 -152 0
-146 -152 0
-147 -152 0
-148 -152 0
-149 -152 0
-150 -152 0
-145 -153 0
-146 -153 0
-147 -153 0
-148 -153 0
-149 -153 0
-150 -153 0
-151 -153 0
153 154 155 156 157 158 159 160 0
-153 -155 0
-153 -156 0
-154 -156 0
-153 -157 0
-154 -157 0
-155 -157 0
-153 -158 0
-154 -158 0
-155 -158 0
-156 -158 0
-153 -159 0
-154 -159 0
-155 -159 0
-156 -159 0
-157 -159 0
-153 -160 0
-154 -160 0
-155 -160 0
-156 -160 0
-157 -160 0
-158 -160 0
-153 -161 0
-154 -161 0
-155 -161 0
-156 -161 0
-157 -161 0
-158 -161 0
-159 -161 0
161 162 163 164 165 166 167 168 0
-161 -163 0
-161 -164 0
-162 -164 0
-161 -165 0
-162 -165 0
-163 -165 0
-161 -166 0
-162 -166 0
-163 -166 0
-164 -166 0
-161 -167 0
-162 -167 0
-163 -167 0
-164 -167 0
-165 -167 0
-161 -168 0
-162 -168 0
-163 -168 0
-164 -168 0
-165 -168 0
-166 -168 0
-161 -169 0
-162 -169 0
-163 -169 0
-164 -169 0
-165 -169 0
-166 -169 0
-167 -169 0
169 170 171 172 173 174 175 176 0
-169 -171 0
-169 -172 0
-170 -172 0
-169 -173 0
-170 -173 0
-171 -173 0
-169 -174 0
-170 -174 0
-171 -174 0
-172 -174 0
-169 -175 0
-170 -175 0
-171 -175 0
-172 -175 0
-173 -175 0
-169 -176 0
-170 -176 0
-171 -176 0
-172 -176 0
-173 -176 0
-174 -176 0
-169 -177 0
-170 -177 0
-171 -177 0
-172 -177 0
-173 -177 0
-174 -177 0
-175 -177 0
177 178 179 180 181 182 183 184 0
-177 -179 0
-177 -180 0
-178 -180 0
-177 -181 0
-178 -181 0
-179 -181 0
-177 -182 0
-178 -182 0
-179 -182 0
-180 -182 0
-177 -183 0
-178 -183 0
-179 -183 0
-180 -183 0
-181 -183 0
-177 -184 0
-178 -184 0
-179 -184 0
-180 -184 0
-181 -184 0
-182 -184 0
-177 -185 0
-178 -185 0
-179 -185 0
-180 -185 0
-181 -185 0
-182 -185 0
-183 -185 0
185 186 187 188 189 190 191 192 0
-185 -187 0
-185 -188 0
-186 -188 0
-185 -189 0
-186 -189 0
-187 -189 0
-185 -190 0
-186 -190 0
-187 -190 0
-188 -190 0
-185 -191 0
-186 -191 0
-187 -191 0
-188 -191 0
-189 -191 0
-185 -192 0
-186 -192 0
-187 -192 0
-188 -192 0
-189 -192 0
-190 -192 0
-185 -193 0
-186 -193 0
-187 -193 0
-188 -193 0
-189 -193 0
-190 -193 0
-191 -193 0
193 194 195 196 197 198 199 200 0
-193 -195 0
-193 -196 0
-194 -196 0
-193 -197 0
-194 -197 0
-195 -197 0
-193 -198 0
-194 -198 0
-195 -198 0
-196 -198 0
-193 -199 0
-194 -199 0
-195 -199 0
-196 -199 0
-197 -199 0
-193 -200 0
-194 -200 0
-195 -200 0
-196 -200 0
-197 -200 0
-198 -200 0
-193 -201 0
-194 -201 0
-195 -201 0
-196 -201 0
-197 -201 0
-198 -201 0
-199 -201 0
201 202 203 204 205 206 207 208 0
-201 -203 0
-201 -204 0
-202 -204 0
-201 -205 0
-202 -205 0
-203 -205 0
-201 -206 0
-202 -206 0
-203 -206 0
-204 -206 0
-201 -207 0
-202 -207 0
-203 -207 0
-204 -207 0
-205 -207 0
-201 -208 0
-202 -208 0
-203 -208 0
-204 -208 0
-205 -208 0
-206 -208 0
-201 -209 0
-202 -209 0
-203 -209 0
-204 -209 0
-205 -209 0
-206 -209 0
-207 -209 0
209 210 211 212 213 214 215 216 0
-209 -211 0
-209 -212 0
-210 -212 0
-209 -213 0
-210 -213 0
-211 -213 0
-209 -214 0
-210 -214 0
-211 -214 0
-212 -214 0
-209 -215 0
-210 -215 0
-211 -215 0
-212 -215 0
-213 -215 0
-209 -216 0
-210 -216 0
-211 -216 0
-212 -216 0
-213 -216 0
-214 -216 0
-209 -217 0
-210 -217 0
-211 -217 0
-212 -217 0
-213 -217 0
-214 -217 0
-215 -217 0
217 218 219 220 221 222 223 224 0
-217 -219 0
-217 -220 0
-218 -220 0
-217 -221 0
-218 -221 0
-219 -221 0
-217 -222 0
-218 -222 0
-219 -222 0
-220 -222 0
-217 -223 0
-218 -223 0
-219 -223 0
-220 -223 0
-221 -223 0
-217 -224 0
-218 -224 0
-219 -224 0
-220 -224 0
-221 -224 0
-222 -224 0
-217 -225 0
-218 -225 0
-219 -225 0
-220 -225 0
-221 -225 0
-222 -225 0
-223 -225 0
225 226 227 228 229 230 231 232 0
-225 -227 0
-225 -228 0
-226 -228 0
-225 -229 0
-226 -229 0
-227 -229 0
-225 -230 0
-226 -230 0
-227 -230 0
-228 -230 0
-225 -231 0
-226 -231 0
-227 -231 0
-228 -231 0
-229 -231 0
-225 -232 0
-226 -232 0
-227 -232 0
-228 -232 0
-229 -232 0
-230 -232 0
-225 -233 0
-226 -233 0
-227 -233 0
-228 -233 0
-229 -233 0
-230 -233 0
-231 -233 0
233 234 235 236 237 238 239 240 0
-233 -235 0
-233 -236 0
-234 -236 0
-233 -237 0
-234 -237 0
-235 -237 0
-233 -238 0
-234 -238 0
-235 -238 0
-236 -238 0
-233 -239 0
-234 -239 0
-235 -239 0
-236 -239 0
-237 -239 0
-233 -240 0
-234 -240 0
-235 -240 0
-236 -240 0
-237 -240 0
-238 -240 0
-233 -241 0
-234 -241 0
-235 -241 0
-236 -241 0
-237 -241 0
-238 -241 0
-239 -241 0
241 242 243 244 245 246 247 248 0
-241 -243 0
-241 -244 0
-242 -244 0
-241 -245 0
-242 -245 0
-243 -245 0
-241 -246 0
-242 -246 0
-243 -246 0
-244 -246 0
-241 -247 0
-242 -247 0
-243 -247 0
-244 -247 0
-245 -247 0
-241 -248 0
-242 -248 0
-243 -248 0
-244 -248 0
-245 -248 0
-246 -248 0
-241 -249 0
-242 -249 0
-243 -249 0
-244 -249 0
-245 -249 0
-246 -249 0
-247 -249 0
249 250 251 252 253 254 255 256 0
-249 -251 0
-249 -252 0
-250 -252 0
-249 -253 0
-250 -253 0
-251 -253 0
-249 -254 0
-250 -254 0
-251 -254 0
-252 -254 0
-249 -255 0
-250 -255 0
-251 -255 0
-252 -255 0
-253 -255 0
-249 -256 0
-250 -256 0
-251 -256 0
-252 -256 0
-253 -256 0
-254 -256 0
-249 -257 0
-250 -257 0
-251 -257 0
-252 -257 0
-253 -257 0
-254 -257 0
-255 -257 0
257 258 259 260 261 262 263 264 0
-257 -259 0
-257 -260 0
-258 -260 0
-257 -261 0
-258 -261 0
-259 -261 0
-257 -262 0
-258 -262 0
-259 -262 0
-260 -262 0
-257 -263 0
-258 -263 0
-259 -263 0
-260 -263 0
-261 -263 0
-257 -264 0
-258 -264 0
-259 -264 0
-260 -264 0
-261 -264 0
-262 -264 0
-257 -265 0
-258 -265 0
-259 -265 0
-260 -265 0
-261 -265 0
-262 -265 0
-263 -265 0
265 266 267 268 269 270 271 272 0
-265 -267 0
-265 -268 0
-266 -268 0
-265 -269 0
-266 -269 0
-267 -269 0
-265 -270 0
-266 -270 0
-267 -270 0
-268 -270 0
-265 -271 0
-266 -271 0
-267 -271 0
-268 -271 0
-269 -271 0
-265 -272 0
-266 -272 0
-267 -272 0
-268 -272 0
-269 -272 0
-270 -272 0
-265 -273 0
-266 -273 0
-267 -273 0
-268 -273 0
-269 -273 0
-270 -273 0
-271 -273 0
273 274 275 276 277 278 279 280 0
-273 -275 0
-273 -276 0
-274 -276 0
-273 -277 0
-274 -277 0
-275 -277 0
-273 -278 0
-274 -278 0
-275 -278 0
-276 -278 0
-273 -279 0
-274 -279 0
-275 -279 0
-276 -279 0
-277 -279 0
-273 -280 0
-274 -280 0
-275 -280 0
-276 -280 0
-277 -280 0
-278 -280 0
-273 -281 0
-274 -281 0
-275 -281 0
-276 -281 0
-277 -281 0
-278 -281 0
-279 -281 0
281 282 283 284 285 286 287 288 0
-281 -283 0
-281 -284 0
-282 -284 0
-281 -285 0
-282 -285 0
-283 -285 0
-281 -286 0
-282 -286 0
-283 -286 0
-284 -286 0
-281 -287 0
-282 -287 0
-283 -287 0
-284 -287 0
-285 -287 0
-281 -288 0
-282 -288 0
-283 -288 0
-284 -288 0
-285 -288 0
-286 -288 0
-281 -289 0
-282 -289 0
-283 -289 0
-284 -289 0
-285 -289 0
-286 -289 0
-287 -289 0
289 290 291 292 293 294 295 296 0
-289 -291 0
-289 -292 0
-290 -292 0
-289 -293 0
-290 -293 0
-291 -293 0
-289 -294 0
-290 -294 0
-291 -294 0
-292 -294 0
-289 -295 0
-290 -295 0
-291 -295 0
-292 -295 0
-293 -295 0
-289 -296 0
-290 -296 0
-291 -296 0
-292 -296 0
-293 -296 0
-294 -296 0
-289 -297 0
-290 -297 0
-291 -297 0
-292 -297 0
-293 -297 0
-294 -297 0
-295 -297 0
297 298 299 300 301 302 303 304 0
-297 -299 0
-297 -300 0
-298 -300 0
-297 -301 0
-298 -301 0
-299 -301 0
-297 -302 0
-298 -302 0
-299 -302 0
-300 -302 0
-297 -303 0
-298 -303 0
-299 -303 0
-300 -303 0
-301 -303 0
-297 -304 0
-298 -304 0
-299 -304 0
-300 -304 0
-301 -304 0
-302 -304 0
-297 -305 0
-298 -305 0
-299 -305 0
-300 -305 0
-301 -305 0
-302 -305 0
-303 -305 0
305 306 307 308 309 310 311 312 0
-305 -307 0
-305 -308 0
-306 -308 0
-305 -309 0
-306 -309 0
-307 -309 0
-305 -310 0
-306 -310 0
-307 -310 0
-308 -310 0
-305 -311 0
-306 -311 0
-307 -311 0
-308 -311 0
-309 -311 0
-305 -312 0
-306 -312 0
-307 -312 0
-308 -312 0
-309 -312 0
-310 -312 0
-305 -313 0
-306 -313 0
-307 -313 0
-308 -313 0
-309 -313 0
-310 -313 0
-311 -313 0
313 314 315 316 317 318 319 320 0
-313 -315 0
-313 -316 0
-314 -316 0
-313 -317 0
-314 -317 0
-315 -317 0
-313 -318 0
-314 -318 0
-315 -318 0
-316 -318 0
-313 -319 0
-314 -319 0
-315 -319 0
-316 -319 0
-317 -319 0
-313 -320 0
-314 -320 0
-315 -320 0
-316 -320 0
-317 -320 0
-318 -320 0
-313 -321 0
-314 -321 0
-315 -321 0
-316 -321 0
-317 -321 0
-318 -321 0
-319 -321 0
321 322 323 324 325 326 327 328 0
-321 -323 0
-321 -324 0
-322 -324 0
-321 -325 0
-322 -325 0
-323 -325 0
-321 -326 0
-322 -326 0
-323 -326 0
-324 -326 0
-321 -327 0
-322 -327 0
-323 -327 0
-324 -327 0
-325 -327 0
-321 -328 0
-322 -328 0
-323 -328 0
-324 -328 0
-325 -328 0
-326 -328 0
-321 -329 0
-322 -329 0
-323 -329 0
-324 -329 0
-325 -329 0
-326 -329 0
-327 -329 0
329 330 331 332 333 334 335 336 0
-329 -331 0
-329 -332 0
-330 -332 0
-329 -333 0
-330 -333 0
-331 -333 0
-329 -334 0
-330 -334 0
-331 -334 0
-332 -334 0
-329 -335 0
-330 -335 0
-331 -335 0
-332 -335 0
-333 -335 0
-329 -336 0
-330 -336 0
-331 -336 0
-332 -336 0
-333 -336 0
-334 -336 0
-329 -337 0
-330 -337 0
-331 -337 0
-332 -337 0
-333 -337 0
-334 -337 0
-335 -337 0
337 338 339 340 341 342 343 344 0
-337 -339 0
-337 -340 0
-338 -340 0
-337 -341 0
-338 -341 0
-339 -341 0
-337 -342 0
-338 -342 0
-339 -342 0
-340 -342 0
-337 -343 0
-338 -343 0
-339 -343 0
-340 -343 0
-341 -343 0
-337 -344 0
-338 -344 0
-339 -344 0
-340 -344 0
-341 -344 0
-342 -344 0
-337 -345 0
-338 -345 0
-339 -345 0
-340 -345 0
-341 -345 0
-342 -345 0
-343 -345 0
345 346 347 348 349 350 351 352 0
-345 -347 0
-345 -348 0
-346 -348 0
-345 -349 0
-346 -349 0
-347 -349 0
-345 -350 0
-346 -350 0
-347 -350 0
-348 -350 0
-345 -351 0
-346 -351 0
-347 -351 0
-348 -351 0
-349 -351 0
-345 -352 0
-346 -352 0
-347 -352 0
-348 -352 0
-349 -352 0
-350 -352 0
-345 -353 0
-346 -353 0
-347 -353 0
-348 -353 0
-349 -353 0
-350 -353 0
-351 -353 0
353 354 355 356 357 358 359 360 0
-353 -355 0
-353 -356 0
-354 -356 0
-353 -357 0
-354 -357 0
-355 -357 0
-353 -358 0
-354 -358 0
-355 -358 0
-356 -358 0
-353 -359 0
-354 -359 0
-355 -359 0
-356 -359 0
-357 -359 0
-353 -360 0
-354 -360 0
-355 -360 0
-356 -360 0
-357 -360 0
-358 -360 0
-353 -361 0
-354 -361 0
-355 -361 0
-356 -361 0
-357 -361 0
-358 -361 0
-359 -361 0
361 362 363 364 365 366 367 368 0
-361 -363 0
-361 -364 0
-362 -364 0
-361 -365 0
-362 -365 0
-363 -365 0
-361 -366 0
-362 -366 0
-363 -366 0
-364 -366 0
-361 -367 0
-362 -367 0
-363 -367 0
-364 -367 0
-365 -367 0
-361 -368 0
-362 -368 0
-363 -368 0
-364 -368 0
-365 -368 0
-366 -368 0
-361 -369 0
-362 -369 0
-363 -369 0
-364 -369 0
-365 -369 0
-366 -369 0
-367 -369 0
369 370 371 372 373 374 375 376 0
-369 -371 0
-369 -372 0
-370 -372 0
-369 -373 0
-370 -373 0
-371 -373 0
-369 -374 0
-370 -374 0
-371 -374 0
-372 -374 0
-369 -375 0
-370 -375 0
-371 -375 0
-372 -375 0
-373 -375 0
-369 -376 0
-370 -376 0
-371 -376 0
-372 -376 0
-373 -376 0
-374 -376 0
-369 -377 0
-370 -377 0
-371 -377 0
-372 -377 0
-373 -377 0
-374 -377 0
-375 -377 0
377 378 379 380 381 382 383 384 0
-377 -379 0
-377 -380 0
-378 -380 0
-377 -381 0
-378 -381 0
-379 -381 0
-377 -382 0
-378 -382 0
-379 -382 0
-380 -382 0
-377 -383 0
-378 -383 0
-379 -383 0
-380 -383 0
-381 -383 0
-377 -384 0
-378 -384 0
-379 -384 0
-380 -384 0
-381 -384 0
-382 -384 0
-377 -385 0
-378 -385 0
-379 -385 0
-380 -385 0
-381 -385 0
-382 -385 0
-383 -385 0
385 386 387 388 389 390 391 392 0
-385 -387 0
-385 -388 0
-386 -388 0
-385 -389 0
-386 -389 0
-387 -389 0
-385 -390 0
-386 -390 0
-387 -390 0
-388 -390 0
-385 -391 0
-386 -391 0
-387 -391 0
-388 -391 0
-389 -391 0
-385 -392 0
-386 -392 0
-387 -392 0
-388 -392 0
-389 -392 0
-390 -392 0
-385 -393 0
-386 -393 0
-387 -393 0
-388 -393 0
-389 -393 0
-390 -393 0
-391 -393 0
393 394 395 396 397 398 399 400 0
-393 -395 0
-393 -396 0
-394 -396 0
-393 -397 0
-394 -397 0
-395 -397 0
-393 -398 0
-394 -398 0
-395 -398 0
-396 -398 0
-393 -399 0
-394 -399 0
-395 -399 0
-396 -399 0
-397 -399 0
-393 -400 0
-394 -400 0
-395 -400 0
-396 -400 0
-397 -400 0
-398 -400 0
-393 -401 0
-394 -401 0
-395 -401 0
-396 -401 0
-397 -401 0
-398 -401 0
-399 -401 0
401 402 403 404 405 406 407 408 0
-401 -403 0
-401 -404 0
-402 -404 0
-401 -405 0
-402 -405 0
-403 -405 0
-401 -406 0
-402 -406 0
-403 -406 0
-404 -406 0
-401 -407 0
-402 -407 0
-403 -407 0
-404 -407 0
-405 -407 0
-401 -408 0
-402 -408 0
-403 -408 0
-404 -408 0
-405 -408 0
-406 -408 0
-401 -409 0
-402 -409 0
-403 -409 0
-404 -409 0
-405 -409 0
-406 -409 0
-407 -409 0
409 410 411 412 413 414 415 416 0
-409 -411 0
-409 -412 0
-410 -412 0
-409 -413 0
-410 -413 0
-411 -413 0
-409 -414 0
-410 -414 0
-411 -414 0
-412 -414 0
-409 -415 0
-410 -415 0
-411 -415 0
-412 -415 0
-413 -415 0
-409 -416 0
-410 -416 0
-411 -416 0
-412 -416 0
-413 -416 0
-414 -416 0
-409 -417 0
-410 -417 0
-411 -417 0
-412 -417 0
-413 -417 0
-414 -417 0
-415 -417 0
417 418 419 420 421 422 423 424 0
-417 -419 0
-417 -420 0
-418 -420 0
-417 -421 0
-418 -421 0
-419 -421 0
-417 -422 0
-418 -422 0
-419 -422 0
-420 -422 0
-417 -423 0
-418 -423 0
-419 -423 0
-420 -423 0
-421 -423 0
-417 -424 0
-418 -424 0
-419 -424 0
-420 -424 0
-421 -424 0
-422 -424 0
-417 -425 0
-418 -425 0
-419 -425 0
-420 -425 0
-421 -425 0
-422 -425 0
-423 -425 0
425 426 427 428 429 430 431 432 0
-425 -427 0
-425 -428 0
-426 -428 0
-425 -429 0
-426 -429 0
-427 -429 0
-425 -430 0
-426 -430 0
-427 -430 0
-428 -430 0
-425 -431 0
-426 -431 0
-427 -431 0
-428 -431 0
-429 -431 0
-425 -432 0
-426 -432 0
-427 -432 0
-428 -432 0
-429 -432 0
-430 -432 0
-425 -433 0
-426 -433 0
-427 -433 0
-428 -433 0
-429 -433 0
-430 -433 0
-431 -433 0
433 434 435 436 437 438 439 440 0
-433 -435 0
-433 -436 0
-434 -436 0
-433 -437 0
-434 -437 0
-435 -437 0
-433 -438 0
-434 -438 0
-435 -438 0
-436 -438 0
-433 -439 0
-434 -439 0
-435 -439 0
-436 -439 0
-437 -439 0
-433 -440 0
-434 -440 0
-435 -440 0
-436 -440 0
-437 -440 0
-438 -440 0
-433 -441 0
-434 -441 0
-435 -441 0
-436 -441 0
-437 -441 0
-438 -441 0
-439 -441 0
441 442 443 444 445 446 447 448 0
-441 -443 0
-441 -444 0
-442 -444 0
-441 -445 0
-442 -445 0
-443 -445 0
-441 -446 0
-442 -446 0
-443 -446 0
-444 -446 0
-441 -447 0
-442 -447 0
-443 -447 0
-444 -447 0
-445 -447 0
-441 -448 0
-442 -448 0
-443 -448 0
-444 -448 0
-445 -448 0
-446 -448 0
-441 -449 0
-442 -449 0
-443 -449 0
-444 -449 0
-445 -449 0
-446 -449 0
-447 -449 0
449 450 451 452 453 454 455 456 0
-449 -451 0
-449 -452 0
-450 -452 0
-449 -453 0
-450 -453 0
-451 -453 0
-449 -454 0
-450 -454 0
-451 -454 0
-452 -454 0
-449 -455 0
-450 -455 0
-451 -455 0
-452 -455 0
-453 -455 0
-449 -456 0
-450 -456 0
-451 -456 0
-452 -456 0
-453 -456 0
-454 -456 0
-449 -457 0
-450 -457 0
-451 -457 0
-452 -457 0
-453 -457 0
-454 -457 0
-455 -457 0
457 458 459 460 461 462 463 464 0
-457 -459 0
-457 -460 0
-458 -460 0
-457 -461 0
-458 -461 0
-459 -461 0
-457 -462 0
-458 -462 0
-459 -462 0
-460 -462 0
-457 -463 0
-458 -463 0
-459 -463 0
-460 -463 0
-461 -463 0
-457 -464 0
-458 -464 0
-459 -464 0
-460 -464 0
-461 -464 0
-462 -464 0
-457 -465 0
-458 -465 0
-459 -465 0
-460 -465 0
-461 -465 0
-462 -465 0
-463 -465 0
465 466 467 468 469 470 471 472 0
-465 -467 0
-465 -468 0
-466 -468 0
-465 -469 0
-466 -469 0
-467 -469 0
-465 -470 0
-466 -470 0
-467 -470 0
-468 -470 0
-465 -471 0
-466 -471 0
-467 -471 0
-468 -471 0
-469 -471 0
-465 -472 0
-466 -472 0
-467 -472 0
-468 -472 0
-469 -472 0
-470 -472 0
-465 -473 0
-466 -473 0
-467 -473 0
-468 -473 0
-469 -473 0
-470 -473 0
-471 -473 0
473 474 475 476 477 478 479 480 0
-473 -475 0
-473 -476 0
-474 -476 0
-473 -477 0
-474 -477 0
-475 -477 0
-473 -478 0
-474 -478 0
-475 -478 0
-476 -478 0
-473 -479 0
-474 -479 0
-475 -479 0
-476 -479 0
-477 -479 0
-473 -480 0
-474 -480 0
-475 -480 0
-476 -480 0
-477 -480 0
-478 -480 0
-473 -481 0
-474 -481 0
-475 -481 0
-476 -481 0
-477 -481 0
-478 -481 0
-479 -481 0
481 482 483 484 485 486 487 488 0
-481 -483 0
-481 -484 0
-482 -484 0
-481 -485 0
-482 -485 0
-483 -485 0
-481 -486 0
-482 -486 0
-483 -486 0
-484 -486 0
-481 -487 0
-482 -487 0
-483 -487 0
-484 -487 0
-485 -487 0
-481 -488 0
-482 -488 0
-483 -488 0
-484 -488 0
-485 -488 0
-486 -488 0
-481 -489 0
-482 -489 0
-483 -489 0
-484 -489 0
-485 -489 0
-486 -489 0
-487 -489 0
489 490 491 492 493 494 495 496 0
-489 -491 0
-489 -492 0
-490 -492 0
-489 -493 0
-490 -493 0
-491 -493 0
-489 -494 0
-490 -494 0
-491 -494 0
-492 -494 0
-489 -495 0
-490 -495 0
-491 -495 0
-492 -495 0
-493 -495 0
-489 -496 0
-490 -496 0
-491 -496 0
-492 -496 0
-493 -496 0
-494 -496 0
-489 -497 0
-490 -497 0
-491 -497 0
-492 -497 0
-493 -497 0
-494 -497 0
-495 -497 0
497 498 499 500 501 502 503 504 0
-497 -499 0
-497 -500 0
-498 -500 0
-497 -501 0
-498 -501 0
-499 -501 0
-497 -502 0
-498 -502 0
-499 -502 0
-500 -502 0
-497 -503 0
-498 -503 0
-499 -503 0
-500 -503 0
-501 -503 0
-497 -504 0
-498 -504 0
-499 -504 0
-500 -504 0
-501 -504 0
-502 -504 0
-497 -505 0
-498 -505 0
-499 -505 0
-500 -505 0
-501 -505 0
-502 -505 0
-503 -505 0
505 506 507 508 509 510 511 512 0
-505 -507 0
-505 -508 0
-506 -508 0
-505 -509 0
-506 -509 0
-507 -509 0
-505 -510 0
-506 -510 0
-507 -510 0
-508 -510 0
-505 -511 0
-506 -511 0
-507 -511 0
-508 -511 0
-509 -511 0
-505 -512 0
-506 -512 0
-507 -512 0
-508 -512 0
-509 -512 0
-510 -512 0
-505 -513 0
-506 -513 0
-507 -513 0
-508 -513 0
-509 -513 0
-510 -513 0
-511 -513 0
1 9 17 25 33 41 49 57 0
-1 -9 0
-1 -17 0
-9 -17 0
-1 -25 0
-9 -25 0
-17 -25 0
-1 -33 0
-9 -33 0
-17 -33 0
-25 -33 0
-1 -41 0
-9 -41 0
-17 -41 0
-25 -41 0
-33 -41 0
-1 -49 0
-9 -49 0
-17 -49 0
-25 -49 0
-33 -49 0
-41 -49 0
-1 -57 0
-9 -57 0
-17 -57 0
-25 -57 0
-33 -57 0
-41 -57 0
-49 -57 0
2 10 18 26 34 42 50 58 0
-2 -10 0
-2 -18 0
-10 -18 0
-2 -26 0
-10 -26 0
-18 -26 0
-2 -34 0
-10 -34 0
-18 -34 0
-26 -34 0
-2 -42 0
-10 -42 0
-18 -42 0
-26 -42 0
-34 -42 0
-2 -50 0
-10 -50 0
-18 -50 0
-26 -50 0
-34 -50 0
-42 -50 0
-2 -58 0
-10 -58 0
-18 -58 0
-26 -58 0
-34 -58 0
-42 -58 0
-50 -58 0
3 11 19 27 35 43 51 59 0
-3 -11 0
-3 -19 0
-11 -19 0
-3 -27 0
-11 -27 0
-19 -27 0
-3 -35 0
-11 -35 0
-19 -35 0
-27 -35 0
-3 -43 0
-11 -43 0
-19 -43 0
-27 -43 0
-35 -43 0
-3 -51 0
-11 -51 0
-19 -51 0
-27 -51 0
-35 -51 0
-43 -51 0
-3 -59 0
-11 -59 0
-19 -59 0
-27 -59 0
-35 -59 0
-43 -59 0
-51 -59 0
4 12 20 28 36 44 52 60 0
-4 -12 0
-4 -20 0
-12 -20 0
-4 -28 0
-12 -28 0
-20 -28 0
-4 -36 0
-12 -36 0
-20 -36 0
-28 -36 0
-4 -44 0
-12 -44 0
-20 -44 0
-28 -44 0
-36 -44 0
-4 -52 0
-12 -52 0
-20 -52 0
-28 -52 0
-36 -52 0
-44 -52 0
-4 -60 0
-12 -60 0
-20 -60 0
-28 -60 0
-36 -60 0
-44 -60 0
-52 -60 0
5 13 21 29 37 45 53 61 0
-5 -13 0
-5 -21 0
-13 -21 0
-5 -29 0
-13 -29 0
-21 -29 0
-5 -37 0
-13 -37 0
-21 -37 0
-29 -37 0
-5 -45 0
-13 -45 0
-21 -45 0
-29 -45 0
-37 -45 0
-5 -53 0
-13 -53 0
-21 -53 0
-29 -53 0
-37 -53 0
-45 -53 0
-5 -61 0
-13 -61 0
-21 -61 0
-29 -61 0
-37 -61 0
-45 -61 0
-53 -61 0
6 14 22 30 38 46 54 62 0
-6 -14 0
-6 -22 0
-14 -22 0
-6 -30 0
-14 -30 0
-22 -30 0
-6 -38 0
-14 -38 0
-22 -38 0
-30 -38 0
-6 -46 0
-14 -46 0
-22 -46 0
-30 -46 0
-38 -46 0
-6 -54 0
-14 -54 0
-22 -54 0
-30 -54 0
-38 -54 0
-46 -54 0
-6 -62 0
-14 -62 0
-22 -62 0
-30 -62 0
-38 -62 0
-46 -62 0
-54 -62 0
7 15 23 31 39 47 55 63 0
-7 -15 0
-7 -23 0
-15 -23 0
-7 -31 0
-15 -31 0
-23 -31 0
-7 -39 0
-15 -39 0
-23 -39 0
-31 -39 0
-7 -47 0
-15 -47 0
-23 -47 0
-31 -47 0
-39 -47 0
-7 -55 0
-15 -55 0
-23 -55 0
-31 -55 0
-39 -55 0
-47 -55 0
-7 -63 0
-15 -63 0
-23 -63 0
-31 -63 0
-39 -63 0
-47 -63 0
-55 -63 0
8 16 24 32 40 48 56 64 0
-8 -16 0
-8 -24 0
-16 -24 0
-8 -32 0
-16 -32 0
-24 -32 0
-8 -40 0
-16 -40 0
-24 -40 0
-32 -40 0
-8 -48 0
-16 -48 0
-24 -48 0
-32 -48 0
-40 -48 0
-8 -56 0
-16 -56 0
-24 -56 0
-32 -56 0
-40 -56 0
-48 -56 0
-8 -64 0
-16 -64 0
-24 -64 0
-32 -64 0
-40 -64 0
-48 -64 0
-56 -64 0
65 73 81 89 97 105 113 121 0
-65 -73 0
-65 -81 0
-73 -81 0
-65 -89 0
-73 -89 0
-81 -89 0
-65 -97 0
-73 -97 0
-81 -97 0
-89 -97 0
-65 -105 0
-73 -105 0
-81 -105 0
-89 -105 0
-97 -105 0
-65 -113 0
-73 -113 0
-81 -113 0
-89 -113 0
-97 -113 0
-105 -113 0
-65 -121 0
-73 -121 0
-81 -121 0
-89 -121 0
-97 -121 0
-105 -121 0
-113 -121 0
66 74 82 90 98 106 114 122 0
-66 -74 0
-66 -82 0
-74 -82 0
-66 -90 0
-74 -90 0
-82 -90 0
-66 -98 0
-74 -98 0
-82 -98 0
-90 -98 0
-66 -106 0
-74 -106 0
-82 -106 0
-90 -106 0
-98 -106 0
-66 -114 0
-74 -114 0
-82 -114 0
-90 -114 0
-98 -114 0
-106 -114 0
-66 -122 0
-74 -122 0
-82 -122 0
-90 -122 0
-98 -122 0
-106 -122 0
-114 -122 0
67 75 83 91 99 107 115 123 0
-67 -75 0
-67 -83 0
-75 -83 0
-67 -91 0
-75 -91 0
-83 -91 0
-67 -99 0
-75 -99 0
-83 -99 0
-91 -99 0
-67 -107 0
-75 -107 0
-83 -107 0
-91 -107 0
-99 -107 0
-67 -115 0
-75 -115 0
-83 -115 0
-91 -115 0
-99 -115 0
-107 -115 0
-67 -123 0
-75 -123 0
-83 -123 0
-91 -123 0
-99 -123 0
-107 -123 0
-115 -123 0
68 76 84 92 100 108 116 124 0
-68 -76 0
-68 -84 0
-76 -84 0
-68 -92 0
-76 -92 0
-84 -92 0
-68 -100 0
-76 -100 0
-84 -100 0
-92 -100 0
-68 -108 0
-76 -108 0
-84 -108 0
-92 -108 0
-100 -108 0
-68 -116 0
-76 -116 0
-84 -116 0
-92 -116 0
-100 -116 0
-108 -116 0
-68 -124 0
-76 -124 0
-84 -124 0
-92 -124 0
-100 -124 0
-108 -124 0
-116 -124 0
69 77 85 93 101 109 117 125 0
-69 -77 0
-69 -85 0
-77 -85 0
-69 -93 0
-77 -93 0
-85 -93 0
-69 -101 0
-77 -101 0
-85 -101 0
-93 -101 0
-69 -109 0
-77 -109 0
-85 -109 0
-93 -109 0
-101 -109 0
-69 -117 0
-77 -117 0
-85 -117 0
-93 -117 0
-101 -117 0
-109 -117 0
-69 -125 0
-77 -125 0
-85 -125 0
-93 -125 0
-101 -125 0
-109 -125 0
-117 -125 0
70 78 86 94 102 110 118 126 0
-70 -78 0
-70 -86 0
-78 -86 0
-70 -94 0
-78 -94 0
-86 -94 0
-70 -102 0
-78 -102 0
-86 -102 0
-94 -102 0
-70 -110 0
-78 -110 0
-86 -110 0
-94 -110 0
-102 -110 0
-70 -118 0
-78 -118 0
-86 -118 0
-94 -118 0
-102 -118 0
-110 -118 0
-70 -126 0
-78 -126 0
-86 -126 0
-94 -126 0
-102 -126 0
-110 -126 0
-118 -126 0
71 79 87 95 103 111 119 127 0
-71 -79 0
-71 -87 0
-79 -87 0
-71 -95 0
-79 -95 0
-87 -95 0
-71 -103 0
-79 -103 0
-87 -103 0
-95 -103 0
-71 -111 0
-79 -111 0
-87 -111 0
-95 -111 0
-103 -111 0
-71 -119 0
-79 -119 0
-87 -119 0
-95 -119 0
-103 -119 0
-111 -119 0
-71 -127 0
-79 -127 0
-87 -127 0
-95 -127 0
-103 -127 0
-111 -127 0
-119 -127 0
72 80 88 96 104 112 120 128 0
-72 -80 0
-72 -88 0
-80 -88 0
-72 -96 0
-80 -96 0
-88 -96 0
-72 -104 0
-80 -104 0
-88 -104 0
-96 -104 0
-72 -112 0
-80 -112 0
-88 -112 0
-96 -112 0
-104 -112 0
-72 -120 0
-80 -120 0
-88 -120 0
-96 -120 0
-104 -120 0
-112 -120 0
-72 -128 0
-80 -128 0
-88 -128 0
-96 -128 0
-104 -128 0
-112 -128 0
-120 -128 0
129 137 145 153 161 169 177 185 0
-129 -137 0
-129 -145 0
-137 -145 0
-129 -153 0
-137 -153 0
-145 -153 0
-129 -161 0
-137 -161 0
-145 -161 0
-153 -161 0
-129 -169 0
-137 -169 0
-145 -169 0
-153 -169 0
-161 -169 0
-129 -177 0
-137 -177 0
-145 -177 0
-153 -177 0
-161 -177 0
-169 -177 0
-129 -185 0
-137 -185 0
-145 -185 0
-153 -185 0
-161 -185 0
-169 -185 0
-177 -185 0
130 138 146 154 162 170 178 186 0
-130 -138 0
-130 -146 0
-138 -146 0
-130 -154 0
-138 -154 0
-146 -154 0
-130 -162 0
-138 -162 0
-146 -162 0
-154 -162 0
-130 -170 0
-138 -170 0
-146 -170 0
-154 -170 0
-162 -170 0
-130 -178 0
-138 -178 0
-146 -178 0
-154 -178 0
-162 -178 0
-170 -178 0
-130 -186 0
-138 -186 0
-146 -186 0
-154 -186 0
-162 -186 0
-170 -186 0
-178 -186 0
131 139 147 155 163 171 179 187 0
-131 -139 0
-131 -147 0
-139 -147 0
-131 -155 0
-139 -155 0
-147 -155 0
-131 -163 0
-139 -163 0
-147 -163 0
-155 -163 0
-131 -171 0
-139 -171 0
-147 -171 0
-155 -171 0
-163 -171 0
-131 -179 0
-139 -179 0
-147 -179 0
-155 -179 0
-163 -179 0
-171 -179 0
-131 -187 0
-139 -187 0
-147 -187 0
-155 -187 0
-163 -187 0
-171 -187 0
-179 -187 0
132 140 148 156 164 172 180 188 0
-132 -140 0
-132 -148 0
-140 -148 0
-132 -156 0
-140 -156 0
-148 -156 0
-132 -164 0
-140 -164 0
-148 -164 0
-156 -164 0
-132 -172 0
-140 -172 0
-148 -172 0
-156 -172 0
-164 -172 0
-132 -180 0
-140 -180 0
-148 -180 0
-156 -180 0
-164 -180 0
-172 -180 0
-132 -188 0
-140 -188 0
-148 -188 0
-156 -188 0
-164 -188 0
-172 -188 0
-180 -188 0
133 141 149 157 165 173 181 189 0
-133 -141 0
-133 -149 0
-141 -149 0
-133 -157 0
-141 -157 0
-149 -157 0
-133 -165 0
-141 -165 0
-149 -165 0
-157 -165 0
-133 -173 0
-141 -173 0
-149 -173 0
-157 -173 0
-165 -173 0
-133 -181 0
-141 -181 0
-149 -181 0
-157 -181 0
-165 -181 0
-173 -181 0
-133 -189 0
-141 -189 0
-149 -189 0
-157 -189 0
-165 -189 0
-173 -189 0
-181 -189 0
134 142 150 158 166 174 182 190 0
-134 -142 0
-134 -150 0
-142 -150 0
-134 -158 0
-142 -158 0
-150 -158 0
-134 -166 0
-142 -166 0
-150 -166 0
-158 -166 0
-134 -174 0
-142 -174 0
-150 -174 0
-158 -174 0
-166 -174 0
-134 -182 0
-142 -182 0
-150 -182 0
-158 -182 0
-166 -182 0
-174 -182 0
-134 -190 0
-142 -190 0
-150 -190 0
-158 -190 0
-166 -190 0
-174 -190 0
-182 -190 0
135 143 151 159 167 175 183 191 0
-135 -143 0
-135 -151 0
-143 -151 0
-135 -159 0
-143 -159 0
-151 -159 0
-135 -167 0
-143 -167 0
-151 -167 0
-159 -167 0
-135 -175 0
-143 -175 0
-151 -175 0
-159 -175 0
-167 -175 0
-135 -183 0
-143 -183 0
-151 -183 0
-159 -183 0
-167 -183 0
-175 -183 0
-135 -191 0
-143 -191 0
-151 -191 0
-159 -191 0
-167 -191 0
-175 -191 0
-183 -191 0
136 144 152 160 168 176 184 192 0
-136 -144 0
-136 -152 0
-144 -152 0
-136 -160 0
-144 -160 0
-152 -160 0
-136 -168 0
-144 -168 0
-152 -168 0
-160 -168 0
-136 -176 0
-144 -176 0
-152 -176 0
-160 -176 0
-168 -176 0
-136 -184 0
-144 -184 0
-152 -184 0
-160 -184 0
-168 -184 0
-176 -184 0
-136 -192 0
-144 -192 0
-152 -192 0
-160 -192 0
-168 -192 0
-176 -192 0
-184 -192 0
193 201 209 217 225 233 241 249 0
-193 -201 0
-193 -209 0
-201 -209 0
-193 -217 0
-201 -217 0
-209 -217 0
-193 -225 0
-201 -225 0
-209 -225 0
-217 -225 0
-193 -233 0
-201 -233 0
-209 -233 0
-217 -233 0
-225 -233 0
-193 -241 0
-201 -241 0
-209 -241 0
-217 -241 0
-225 -241 0
-233 -241 0
-193 -249 0
-201 -249 0
-209 -249 0
-217 -249 0
-225 -249 0
-233 -249 0
-241 -249 0
194 202 210 218 226 234 242 250 0
-194 -202 0
-194 -210 0
-202 -210 0
-194 -218 0
-202 -218 0
-210 -218 0
-194 -226 0
-202 -226 0
-210 -226 0
-218 -226 0
-194 -234 0
-202 -234 0
-210 -234 0
-218 -234 0
-226 -234 0
-194 -242 0
-202 -242 0
-210 -242 0
-218 -242 0
-226 -242 0
-234 -242 0
-194 -250 0
-202 -250 0
-210 -250 0
-218 -250 0
-226 -250 0
-234 -250 0
-242 -250 0
195 203 211 219 227 235 243 251 0
-195 -203 0
-195 -211 0
-203 -211 0
-195 -219 0
-203 -219 0
-211 -219 0
-195 -227 0
-203 -227 0
-211 -227 0
-219 -227 0
-195 -235 0
-203 -235 0
-211 -235 0
-219 -235 0
-227 -235 0
-195 -243 0
-203 -243 0
-211 -243 0
-219 -243 0
-227 -243 0
-235 -243 0
-195 -251 0
-203 -251 0
-211 -251 0
-219 -251 0
-227 -251 0
-235 -251 0
-243 -251 0
196 204 212 220 228 236 244 252 0
-196 -204 0
-196 -212 0
-204 -212 0
-196 -220 0
-204 -220 0
-212 -220 0
-196 -228 0
-204 -228 0
-212 -228 0
-220 -228 0
-196 -236 0
-204 -236 0
-212 -236 0
-220 -236 0
-228 -236 0
-196 -244 0
-204 -244 0
-212 -244 0
-220 -244 0
-228 -244 0
-236 -244 0
-196 -252 0
-204 -252 0
-212 -252 0
-220 -252 0
-228 -252 0
-236 -252 0
-244 -252 0
197 205 213 221 229 237 245 253 0
-197 -205 0
-197 -213 0
-205 -213 0
-197 -221 0
-205 -221 0
-213 -221 0
-197 -229 0
-205 -229 0
-213 -229 0
-221 -229 0
-197 -237 0
-205 -237 0
-213 -237 0
-221 -237 0
-229 -237 0
-197 -245 0
-205 -245 0
-213 -245 0
-221 -245 0
-229 -245 0
-237 -245 0
-197 -253 0
-205 -253 0
-213 -253 0
-221 -253 0
-229 -253 0
-237 -253 0
-245 -253 0
198 206 214 222 230 238 246 254 0
-198 -206 0
-198 -214 0
-206 -214 0
-198 -222 0
-206 -222 0
-214 -222 0
-198 -230 0
-206 -230 0
-214 -230 0
-222 -230 0
-198 -238 0
-206 -238 0
-214 -238 0
-222 -238 0
-230 -238 0
-198 -246 0
-206 -246 0
-214 -246 0
-222 -246 0
-230 -246 0
-238 -246 0
-198 -254 0
-206 -254 0
-214 -254 0
-222 -254 0
-230 -254 0
-238 -254 0
-246 -254 0
199 207 215 223 231 239 247 255 0
-199 -207 0
-199 -215 0
-207 -215 0
-199 -223 0
-207 -223 0
-215 -223 0
-199 -231 0
-207 -231 0
-215 -231 0
-223 -231 0
-199 -239 0
-207 -239 0
-215 -239 0
-223 -239 0
-231 -239 0
-199 -247 0
-207 -247 0
-215 -247 0
-223 -247 0
-231 -247 0
-239 -247 0
-199 -255 0
-207 -255 0
-215 -255 0
-223 -255 0
-231 -255 0
-239 -255 0
-247 -255 0
200 208 216 224 232 240 248 256 0
-200 -208 0
-200 -216 0
-208 -216 0
-200 -224 0
-208 -224 0
-216 -224 0
-200 -232 0
-208 -232 0
-216 -232 0
-224 -232 0
-200 -240 0
-208 -240 0
-216 -240 0
-224 -240 0
-232 -240 0
-200 -248 0
-208 -248 0
-216 -248 0
-224 -248 0
-232 -248 0
-240 -248 0
-200 -256 0
-208 -256 0
-216 -256 0
-224 -256 0
-232 -256 0
-240 -256 0
-248 -256 0
257 265 273 281 289 297 305 313 0
-257 -265 0
-257 -273 0
-265 -273 0
-257 -281 0
-265 -281 0
-273 -281 0
-257 -289 0
-265 -289 0
-273 -289 0
-281 -289 0
-257 -297 0
-265 -297 0
-273 -297 0
-281 -297 0
-289 -297 0
-257 -305 0
-265 -305 0
-273 -305 0
-281 -305 0
-289 -305 0
-297 -305 0
-257 -313 0
-265 -313 0
-273 -313 0
-281 -313 0
-289 -313 0
-297 -313 0
-305 -313 0
258 266 274 282 290 298 306 314 0
-258 -266 0
-258 -274 0
-266 -274 0
-258 -282 0
-266 -282 0
-274 -282 0
-258 -290 0
-266 -290 0
-274 -290 0
-282 -290 0
-258 -298 0
-266 -298 0
-274 -298 0
-282 -298 0
-290 -298 0
-258 -306 0
-266 -306 0
-274 -306 0
-282 -306 0
-290 -306 0
-298 -306 0
-258 -314 0
-266 -314 0
-274 -314 0
-282 -314 0
-290 -314 0
-298 -314 0
-306 -314 0
259 267 275 283 291 299 307 315 0
-259 -267 0
-259 -275 0
-267 -275 0
-259 -283 0
-267 -283 0
-275 -283 0
-259 -291 0
-267 -291 0
-275 -291 0
-283 -291 0
-259 -299 0
-267 -299 0
-275 -299 0
-283 -299 0
-291 -299 0
-259 -307 0
-267 -307 0
-275 -307 0
-283 -307 0
-291 -307 0
-299 -307 0
-259 -315 0
-267 -315 0
-275 -315 0
-283 -315 0
-291 -315 0
-299 -315 0
-307 -315 0
260 268 276 284 292 300 308 316 0
-260 -268 0
-260 -276 0
-268 -276 0
-260 -284 0
-268 -284 0
-276 -284 0
-260 -292 0
-268 -292 0
-276 -292 0
-284 -292 0
-260 -300 0
-268 -300 0
-276 -300 0
-284 -300 0
-292 -300 0
-260 -308 0
-268 -308 0
-276 -308 0
-284 -308 0
-292 -308 0
-300 -308 0
-260 -316 0
-268 -316 0
-276 -316 0
-284 -316 0
-292 -316 0
-300 -316 0
-308 -316 0
261 269 277 285 293 301 309 317 0
-261 -269 0
-261 -277 0
-269 -277 0
-261 -285 0
-269 -285 0
-277 -285 0
-261 -293 0
-269 -293 0
-277 -293 0
-285 -293 0
-261 -301 0
-269 -301 0
-277 -301 0
-285 -301 0
-293 -301 0
-261 -309 0
-269 -309 0
-277 -309 0
-285 -309 0
-293 -309 0
-301 -309 0
-261 -317 0
-269 -317 0
-277 -317 0
-285 -317 0
-293 -317 0
-301 -317 0
-309 -317 0
262 270 278 286 294 302 310 318 0
-262 -270 0
-262 -278 0
-270 -278 0
-262 -286 0
-270 -286 0
-278 -286 0
-262 -294 0
-270 -294 0
-278 -294 0
-286 -294 0
-262 -302 0
-270 -302 0
-278 -302 0
-286 -302 0
-294 -302 0
-262 -310 0
-270 -310 0
-278 -310 0
-286 -310 0
-294 -310 0
-302 -310 0
-262 -318 0
-270 -318 0
-278 -318 0
-286 -318 0
-294 -318 0
-302 -318 0
-310 -318 0
263 271 279 287 295 303 311 319 0
-263 -271 0
-263 -279 0
-271 -279 0
-263 -287 0
-271 -287 0
-279 -287 0
-263 -295 0
-271 -295 0
-279 -295 0
-287 -295 0
-263 -303 0
-271 -303 0
-279 -303 0
-287 -303 0
-295 -303 0
-263 -311 0
-271 -311 0
-279 -311 0
-287 -311 0
-295 -311 0
-303 -311 0
-263 -319 0
-271 -319 0
-279 -319 0
-287 -319 0
-295 -319 0
-303 -319 0
-311 -319 0
264 272 280 288 296 304 312 320 0
-264 -272 0
-264 -280 0
-272 -280 0
-264 -288 0
-272 -288 0
-280 -288 0
-264 -296 0
-272 -296 0
-280 -296 0
-288 -296 0
-264 -304 0
-272 -304 0
-280 -304 0
-288 -304 0
-296 -304 0
-264 -312 0
-272 -312 0
-280 -312 0
-288 -312 0
-296 -312 0
-304 -312 0
-264 -320 0
-272 -320 0
-280 -320 0
-288 -320 0
-296 -320 0
-304 -320 0
-312 -320 0
321 329 337 345 353 361 369 377 0
-321 -329 0
-321 -337 0
-329 -337 0
-321 -345 0
-329 -345 0
-337 -345 0
-321 -353 0
-329 -353 0
-337 -353 0
-345 -353 0
-321 -361 0
-329 -361 0
-337 -361 0
-345 -361 0
-353 -361 0
-321 -369 0
-329 -369 0
-337 -369 0
-345 -369 0
-353 -369 0
-361 -369 0
-321 -377 0
-329 -377 0
-337 -377 0
-345 -377 0
-353 -377 0
-361 -377 0
-369 -377 0
322 330 338 346 354 362 370 378 0
-322 -330 0
-322 -338 0
-330 -338 0
-322 -346 0
-330 -346 0
-338 -346 0
-322 -354 0
-330 -354 0
-338 -354 0
-346 -354 0
-322 -362 0
-330 -362 0
-338 -362 0
-346 -362 0
-354 -362 0
-322 -370 0
-330 -370 0
-338 -370 0
-346 -370 0
-354 -370 0
-362 -370 0
-322 -378 0
-330 -378 0
-338 -378 0
-346 -378 0
-354 -378 0
-362 -378 0
-370 -378 0
323 331 339 347 355 363 371 379 0
-323 -331 0
-323 -339 0
-331 -339 0
-323 -347 0
-331 -347 0
-339 -347 0
-323 -355 0
-331 -355 0
-339 -355 0
-347 -355 0
-323 -363 0
-331 -363 0
-339 -363 0
-347 -363 0
-355 -363 0
-323 -371 0
-331 -371 0
-339 -371 0
-347 -371 0
-355 -371 0
-363 -371 0
-323 -379 0
-331 -379 0
-339 -379 0
-347 -379 0
-355 -379 0
-363 -379 0
-371 -379 0
324 332 340 348 356 364 372 380 0
-324 -332 0
-324 -340 0
-332 -340 0
-324 -348 0
-332 -348 0
-340 -348 0
-324 -356 0
-332 -356 0
-340 -356 0
-348 -356 0
-324 -364 0
-332 -364 0
-340 -364 0
-348 -364 0
-356 -364 0
-324 -372 0
-332 -372 0
-340 -372 0
-348 -372 0
-356 -372 0
-364 -372 0
-324 -380 0
-332 -380 0
-340 -380 0
-348 -380 0
-356 -380 0
-364 -380 0
-372 -380 0
325 333 341 349 357 365 373 381 0
-325 -333 0
-325 -341 0
-333 -341 0
-325 -349 0
-333 -349 0
-341 -349 0
-325 -357 0
-333 -357 0
-341 -357 0
-349 -357 0
-325 -365 0
-333 -365 0
-341 -365 0
-349 -365 0
-357 -365 0
-325 -373 0
-333 -373 0
-341 -373 0
-349 -373 0
-357 -373 0
-365 -373 0
-325 -381 0
-333 -381 0
-341 -381 0
-349 -381 0
-357 -381 0
-365 -381 0
-373 -381 0
326 334 342 350 358 366 374 382 0
-326 -334 0
-326 -342 0
-334 -342 0
-326 -350 0
-334 -350 0
-342 -350 0
-326 -358 0
-334 -358 0
-342 -358 0
-350 -358 0
-326 -366 0
-334 -366 0
-342 -366 0
-350 -366 0
-358 -366 0
-326 -374 0
-334 -374 0
-342 -374 0
-350 -374 0
-358 -374 0
-366 -374 0
-326 -382 0
-334 -382 0
-342 -382 0
-350 -382 0
-358 -382 0
-366 -382 0
-374 -382 0
327 335 343 351 359 367 375 383 0
-327 -335 0
-327 -343 0
-335 -343 0
-327 -351 0
-335 -351 0
-343 -351 0
-327 -359 0
-335 -359 0
-343 -359 0
-351 -359 0
-327 -367 0
-335 -367 0
-343 -367 0
-351 -367 0
-359 -367 0
-327 -375 0
-335 -375 0
-343 -375 0
-351 -375 0
-359 -375 0
-367 -375 0
-327 -383 0
-335 -383 0
-343 -383 0
-351 -383 0
-359 -383 0
-367 -383 0
-375 -383 0
328 336 344 352 360 368 376 384 0
-328 -336 0
-328 -344 0
-336 -344 0
-328 -352 0
-336 -352 0
-344 -352 0
-328 -360 0
-336 -360 0
-344 -360 0
-352 -360 0
-328 -368 0
-336 -368 0
-344 -368 0
-352 -368 0
-360 -368 0
-328 -376 0
-336 -376 0
-344 -376 0
-352 -376 0
-360 -376 0
-368 -376 0
-328 -384 0
-336 -384 0
-344 -384 0
-352 -384 0
-360 -384 0
-368 -384 0
-376 -384 0
385 393 401 409 417 425 433 441 0
-385 -393 0
-385 -401 0
-393 -401 0
-385 -409 0
-393 -409 0
-401 -409 0
-385 -417 0
-393 -417 0
-401 -417 0
-409 -417 0
-385 -425 0
-393 -425 0
-401 -425 0
-409 -425 0
-417 -425 0
-385 -433 0
-393 -433 0
-401 -433 0
-409 -433 0
-417 -433 0
-425 -433 0
-385 -441 0
-393 -441 0
-401 -441 0
-409 -441 0
-417 -441 0
-425 -441 0
-433 -441 0
386 394 402 410 418 426 434 442 0
-386 -394 0
-386 -402 0
-394 -402 0
-386 -410 0
-394 -410 0
-402 -410 0
-386 -418 0
-394 -418 0
-402 -418 0
-410 -418 0
-386 -426 0
-394 -426 0
-402 -426 0
-410 -426 0
-418 -426 0
-386 -434 0
-394 -434 0
-402 -434 0
-410 -434 0
-418 -434 0
-426 -434 0
-386 -442 0
-394 -442 0
-402 -442 0
-410 -442 0
-418 -442 0
-426 -442 0
-434 -442 0
387 395 403 411 419 427 435 443 0
-387 -395 0
-387 -403 0
-395 -403 0
-387 -411 0
-395 -411 0
-403 -411 0
-387 -419 0
-395 -419 0
-403 -419 0
-411 -419 0
-387 -427 0
-395 -427 0
-403 -427 0
-411 -427 0
-419 -427 0
-387 -435 0
-395 -435 0
-403 -435 0
-411 -435 0
-419 -435 0
-427 -435 0
-387 -443 0
-395 -443 0
-403 -443 0
-411 -443 0
-419 -443 0
-427 -443 0
-435 -443 0
388 396 404 412 420 428 436 444 0
-388 -396 0
-388 -404 0
-396 -404 0
-388 -412 0
-396 -412 0
-404 -412 0
-388 -420 0
-396 -420 0
-404 -420 0
-412 -420 0
-388 -428 0
-396 -428 0
-404 -428 0
-412 -428 0
-420 -428 0
-388 -436 0
-396 -436 0
-404 -436 0
-412 -436 0
-420 -436 0
-428 -436 0
-388 -444 0
-396 -444 0
-404 -444 0
-412 -444 0
-420 -444 0
-428 -444 0
-436 -444 0
389 397 405 413 421 429 437 445 0
-389 -397 0
-389 -405 0
-397 -405 0
-389 -413 0
-397 -413 0
-405 -413 0
-389 -421 0
-397 -421 0
-405 -421 0
-413 -421 0
-389 -429 0
-397 -429 0
-405 -429 0
-413 -429 0
-421 -429 0
-389 -437 0
-397 -437 0
-405 -437 0
-413 -437 0
-421 -437 0
-429 -437 0
-389 -445 0
-397 -445 0
-405 -445 0
-413 -445 0
-421 -445 0
-429 -445 0
-437 -445 0
390 398 406 414 422 430 438 446 0
-390 -398 0
-390 -406 0
-398 -406 0
-390 -414 0
-398 -414 0
-406 -414 0
-390 -422 0
-398 -422 0
-406 -422 0
-414 -422 0
-390 -430 0
-398 -430 0
-406 -430 0
-414 -430 0
-422 -430 0
-390 -438 0
-398 -438 0
-406 -438 0
-414 -438 0
-422 -438 0
-430 -438 0
-390 -446 0
-398 -446 0
-406 -446 0
-414 -446 0
-422 -446 0
-430 -446 0
-438 -446 0
391 399 407 415 423 431 439 447 0
-391 -399 0
-391 -407 0
-399 -407 0
-391 -415 0
-399 -415 0
-407 -415 0
-391 -423 0
-399 -423 0
-407 -423 0
-415 -423 0
-391 -431 0
-399 -431 0
-407 -431 0
-415 -431 0
-423 -431 0
-391 -439 0
-399 -439 0
-407 -439 0
-415 -439 0
-423 -439 0
-431 -439 0
-391 -447 0
-399 -447 0
-407 -447 0
-415 -447 0
-423 -447 0
-431 -447 0
-439 -447 0
392 400 408 416 424 432 440 448 0
-392 -400 0
-392 -408 0
-400 -408 0
-392 -416 0
-400 -416 0
-408 -416 0
-392 -424 0
-400 -424 0
-408 -424 0
-416 -424 0
-392 -432 0
-400 -432 0
-408 -432 0
-416 -432 0
-424 -432 0
-392 -440 0
-400 -440 0
-408 -440 0
-416 -440 0
-424 -440 0
-432 -440 0
-392 -448 0
-400 -448 0
-408 -448 0
-416 -448 0
-424 -448 0
-432 -448 0
-440 -448 0
449 457 465 473 481 489 497 505 0
-449 -457 0
-449 -465 0
-457 -465 0
-449 -473 0
-457 -473 0
-465 -473 0
-449 -481 0
-457 -481 0
-465 -481 0
-473 -481 0
-449 -489 0
-457 -489 0
-465 -489 0
-473 -489 0
-481 -489 0
-449 -497 0
-457 -497 0
-465 -497 0
-473 -497 0
-481 -497 0
-489 -497 0
-449 -505 0
-457 -505 0
-465 -505 0
-473 -505 0
-481 -505 0
-489 -505 0
-497 -505 0
450 458 466 474 482 490 498 506 0
-450 -458 0
-450 -466 0
-458 -466 0
-450 -474 0
-458 -474 0
-466 -474 0
-450 -482 0
-458 -482 0
-466 -482 0
-474 -482 0
-450 -490 0
-458 -490 0
-466 -490 0
-474 -490 0
-482 -490 0
-450 -498 0
-458 -498 0
-466 -498 0
-474 -498 0
-482 -498 0
-490 -498 0
-450 -506 0
-458 -506 0
-466 -506 0
-474 -506 0
-482 -506 0
-490 -506 0
-498 -506 0
451 459 467 475 483 491 499 507 0
-451 -459 0
-451 -467 0
-459 -467 0
-451 -475 0
-459 -475 0
-467 -475 0
-451 -483 0
-459 -483 0
-467 -483 0
-475 -483 0
-451 -491 0
-459 -491 0
-467 -491 0
-475 -491 0
-483 -491 0
-451 -499 0
-459 -499 0
-467 -499 0
-475 -499 0
-483 -499 0
-491 -499 0
-451 -507 0
-459 -507 0
-467 -507 0
-475 -507 0
-483 -507 0
-491 -507 0
-499 -507 0
452 460 468 476 484 492 500 508 0
-452 -460 0
-452 -468 0
-460 -468 0
-452 -476 0
-460 -476 0
-468 -476 0
-452 -484 0
-460 -484 0
-468 -484 0
-476 -484 0
-452 -492 0
-460 -492 0
-468 -492 0
-476 -492 0
-484 -492 0
-452 -500 0
-460 -500 0
-468 -500 0
-476 -500 0
-484 -500 0
-492 -500 0
-452 -508 0
-460 -508 0
-468 -508 0
-476 -508 0
-484 -508 0
-492 -508 0
-500 -508 0
453 461 469 477 485 493 501 509 0
-453 -461 0
-453 -469 0
-461 -469 0
-453 -477 0
-461 -477 0
-469 -477 0
-453 -485 0
-461 -485 0
-469 -485 0
-477 -485 0
-453 -493 0
-461 -493 0
-469 -493 0
-477 -493 0
-485 -493 0
-453 -501 0
-461 -501 0
-469 -501 0
-477 -501 0
-485 -501 0
-493 -501 0
-453 -509 0
-461 -509 0
-469 -509 0
-477 -509 0
-485 -509 0
-493 -509 0
-501 -509 0
454 462 470 478 486 494 502 510 0
-454 -462 0
-454 -470 0
-462 -470 0
-454 -478 0
-462 -478 0
-470 -478 0
-454 -486 0
-462 -486 0
-470 -486 0
-478 -486 0
-454 -494 0
-462 -494 0
-470 -494 0
-478 -494 0
-486 -494 0
-454 -502 0
-462 -502 0
-470 -502 0
-478 -502 0
-486 -502 0
-494 -502 0
-454 -510 0
-462 -510 0
-470 -510 0
-478 -510 0
-486 -510 0
-494 -510 0
-502 -510 0
455 463 471 479 487 495 503 511 0
-455 -463 0
-455 -471 0
-463 -471 0
-455 -479 0
-463 -479 0
-471 -479 0
-455 -487 0
-463 -487 0
-471 -487 0
-479 -487 0
-455 -495 0
-463 -495 0
-471 -495 0
-479 -495 0
-487 -495 0
-455 -503 0
-463 -503 0
-471 -503 0
-479 -503 0
-487 -503 0
-495 -503 0
-455 -511 0
-463 -511 0
-471 -511 0
-479 -511 0
-487 -511 0
-495 -511 0
-503 -511 0
456 464 472 480 488 496 504 512 0
-456 -464 0
-456 -472 0
-464 -472 0
-456 -480 0
-464 -480 0
-472 -480 0
-456 -488 0
-464 -488 0
-472 -488 0
-480 -488 0
-456 -496 0
-464 -496 0
-472 -496 0
-480 -496 0
-488 -496 0
-456 -504 0
-464 -504 0
-472 -504 0
-480 -504 0
-488 -504 0
-496 -504 0
-456 -512 0
-464 -512 0
-472 -512 0
-480 -512 0
-488 -512 0
-496 -512 0
-504 -512 0
1 65 129 193 257 321 385 449 0
2 66 130 194 258 322 386 450 0
3 67 131 195 259 323 387 451 0
4 68 132 196 260 324 388 452 0
5 69 133 197 261 325 389 453 0
6 70 134 198 262 326 390 454 0
7 71 135 199 263 327 391 455 0
8 72 136 200 264 328 392 456 0
9 73 137 201 265 329 393 457 0
10 74 138 202 266 330 394 458 0
11 75 139 203 267 331 395 459 0
12 76 140 204 268 332 396 460 0
13 77 141 205 269 333 397 461 0
14 78 142 206 270 334 398 462 0
15 79 143 207 271 335 399 463 0
16 80 144 208 272 336 400 464 0
17 81 145 209 273 337 401 465 0
18 82 146 210 274 338 402 466 0
19 83 147 211 275 339 403 467 0
20 84 148 212 276 340 404 468 0
21 85 149 213 277 341 405 469 0
22 86 150 214 278 342 406 470 0
23 87 151 215 279 343 407 471 0
24 88 152 216 280 344 408 472 0
25 89 153 217 281 345 409 473 0
26 90 154 218 282 346 410 474 0
27 91 155 219 283 347 411 475 0
28 92 156 220 284 348 412 476 0
29 93 157 221 285 349 413 477 0
30 94 158 222 286 350 414 478 0
31 95 159 223 287 351 415 479 0
32 96 160 224 288 352 416 480 0
33 97 161 225 289 353 417 481 0
34 98 162 226 290 354 418 482 0
35 99 163 227 291 355 419 483 0
36 100 164 228 292 356 420 484 0
37 101 165 229 293 357 421 485 0
38 102 166 230 294 358 422 486 0
39 103 167 231 295 359 423 487 0
40 104 168 232 296 360 424 488 0
41 105 169 233 297 361 425 489 0
42 106 170 234 298 362 426 490 0
43 107 171 235 299 363 427 491 0
44 108 172 236 300 364 428 492 0
45 109 173 237 301 365 429 493 0
46 110 174 238 302 366 430 494 0
47 111 175 239 303 367 431 495 0
48 112 176 240 304 368 432 496 0
49 113 177 241 305 369 433 497 0
50 114 178 242 306 370 434 498 0
51 115 179 243 307 371 435 499 0
52 116 180 244 308 372 436 500 0
53 117 181 245 309 373 437 501 0
54 118 182 246 310 374 438 502 0
55 119 183 247 311 375 439 503 0
56 120 184 248 312 376 440 504 0
57 121 185 249 313 377 441 505 0
58 122 186 250 314 378 442 506 0
59 123 187 251 315 379 443 507 0
60 124 188 252 316 380 444 508 0
61 125 189 253 317 381 445 509 0
62 126 190 254 318 382 446 510 0
63 127 191 255 319 383 447 511 0
64 128 192 256 320 384 448 512 0
