c Latin Square CNF file python generated.
1 2 3 4 5 6 0
-1 -3 0
-1 -4 0
-2 -4 0
-1 -5 0
-2 -5 0
-3 -5 0
-1 -6 0
-2 -6 0
-3 -6 0
-4 -6 0
-1 -7 0
-2 -7 0
-3 -7 0
-4 -7 0
-5 -7 0
7 8 9 10 11 12 0
-7 -9 0
-7 -10 0
-8 -10 0
-7 -11 0
-8 -11 0
-9 -11 0
-7 -12 0
-8 -12 0
-9 -12 0
-10 -12 0
-7 -13 0
-8 -13 0
-9 -13 0
-10 -13 0
-11 -13 0
13 14 15 16 17 18 0
-13 -15 0
-13 -16 0
-14 -16 0
-13 -17 0
-14 -17 0
-15 -17 0
-13 -18 0
-14 -18 0
-15 -18 0
-16 -18 0
-13 -19 0
-14 -19 0
-15 -19 0
-16 -19 0
-17 -19 0
19 20 21 22 23 24 0
-19 -21 0
-19 -22 0
-20 -22 0
-19 -23 0
-20 -23 0
-21 -23 0
-19 -24 0
-20 -24 0
-21 -24 0
-22 -24 0
-19 -25 0
-20 -25 0
-21 -25 0
-22 -25 0
-23 -25 0
25 26 27 28 29 30 0
-25 -27 0
-25 -28 0
-26 -28 0
-25 -29 0
-26 -29 0
-27 -29 0
-25 -30 0
-26 -30 0
-27 -30 0
-28 -30 0
-25 -31 0
-26 -31 0
-27 -31 0
-28 -31 0
-29 -31 0
31 32 33 34 35 36 0
-31 -33 0
-31 -34 0
-32 -34 0
-31 -35 0
-32 -35 0
-33 -35 0
-31 -36 0
-32 -36 0
-33 -36 0
-34 -36 0
-31 -37 0
-32 -37 0
-33 -37 0
-34 -37 0
-35 -37 0
37 38 39 40 41 42 0
-37 -39 0
-37 -40 0
-38 -40 0
-37 -41 0
-38 -41 0
-39 -41 0
-37 -42 0
-38 -42 0
-39 -42 0
-40 -42 0
-37 -43 0
-38 -43 0
-39 -43 0
-40 -43 0
-41 -43 0
43 44 45 46 47 48 0
-43 -45 0
-43 -46 0
-44 -46 0
-43 -47 0
-44 -47 0
-45 -47 0
-43 -48 0
-44 -48 0
-45 -48 0
-46 -48 0
-43 -49 0
-44 -49 0
-45 -49 0
-46 -49 0
-47 -49 0
49 50 51 52 53 54 0
-49 -51 0
-49 -52 0
-50 -52 0
-49 -53 0
-50 -53 0
-51 -53 0
-49 -54 0
-50 -54 0
-51 -54 0
-52 -54 0
-49 -55 0
-50 -55 0
-51 -55 0
-52 -55 0
-53 -55 0
55 56 57 58 59 60 0
-55 -57 0
-55 -58 0
-56 -58 0
-55 -59 0
-56 -59 0
-57 -59 0
-55 -60 0
-56 -60 0
-57 -60 0
-58 -60 0
-55 -61 0
-56 -61 0
-57 -61 0
-58 -61 0
-59 -61 0
61 62 63 64 65 66 0
-61 -63 0
-61 -64 0
-62 -64 0
-61 -65 0
-62 -65 0
-63 -65 0
-61 -66 0
-62 -66 0
-63 -66 0
-64 -66 0
-61 -67 0
-62 -67 0
-63 -67 0
-64 -67 0
-65 -67 0
67 68 69 70 71 72 0
-67 -69 0
-67 -70 0
-68 -70 0
-67 -71 0
-68 -71 0
-69 -71 0
-67 -72 0
-68 -72 0
-69 -72 0
-70 -72 0
-67 -73 0
-68 -73 0
-69 -73 0
-70 -73 0
-71 -73 0
73 74 75 76 77 78 0
-73 -75 0
-73 -76 0
-74 -76 0
-73 -77 0
-74 -77 0
-75 -77 0
-73 -78 0
-74 -78 0
-75 -78 0
-76 -78 0
-73 -79 0
-74 -79 0
-75 -79 0
-76 -79 0
-77 -79 0
79 80 81 82 83 84 0
-79 -81 0
-79 -82 0
-80 -82 0
-79 -83 0
-80 -83 0
-81 -83 0
-79 -84 0
-80 -84 0
-81 -84 0
-82 -84 0
-79 -85 0
-80 -85 0
-81 -85 0
-82 -85 0
-83 -85 0
85 86 87 88 89 90 0
-85 -87 0
-85 -88 0
-86 -88 0
-85 -89 0
-86 -89 0
-87 -89 0
-85 -90 0
-86 -90 0
-87 -90 0
-88 -90 0
-85 -91 0
-86 -91 0
-87 -91 0
-88 -91 0
-89 -91 0
91 92 93 94 95 96 0
-91 -93 0
-91 -94 0
-92 -94 0
-91 -95 0
-92 -95 0
-93 -95 0
-91 -96 0
-92 -96 0
-93 -96 0
-94 -96 0
-91 -97 0
-92 -97 0
-93 -97 0
-94 -97 0
-95 -97 0
97 98 99 100 101 102 0
-97 -99 0
-97 -100 0
-98 -100 0
-97 -101 0
-98 -101 0
-99 -101 0
-97 -102 0
-98 -102 0
-99 -102 0
-100 -102 0
-97 -103 0
-98 -103 0
-99 -103 0
-100 -103 0
-101 -103 0
103 104 105 106 107 108 0
-103 -105 0
-103 -106 0
-104 -106 0
-103 -107 0
-104 -107 0
-105 -107 0
-103 -108 0
-104 -108 0
-105 -108 0
-106 -108 0
-103 -109 0
-104 -109 0
-105 -109 0
-106 -109 0
-107 -109 0
109 110 111 112 113 114 0
-109 -111 0
-109 -112 0
-110 -112 0
-109 -113 0
-110 -113 0
-111 -113 0
-109 -114 0
-110 -114 0
-111 -114 0
-112 -114 0
-109 -115 0
-110 -115 0
-111 -115 0
-112 -115 0
-113 -115 0
115 116 117 118 119 120 0
-115 -117 0
-115 -118 0
-116 -118 0
-115 -119 0
-116 -119 0
-117 -119 0
-115 -120 0
-116 -120 0
-117 -120 0
-118 -120 0
-115 -121 0
-116 -121 0
-117 -121 0
-118 -121 0
-119 -121 0
121 122 123 124 125 126 0
-121 -123 0
-121 -124 0
-122 -124 0
-121 -125 0
-122 -125 0
-123 -125 0
-121 -126 0
-122 -126 0
-123 -126 0
-124 -126 0
-121 -127 0
-122 -127 0
-123 -127 0
-124 -127 0
-125 -127 0
127 128 129 130 131 132 0
-127 -129 0
-127 -130 0
-128 -130 0
-127 -131 0
-128 -131 0
-129 -131 0
-127 -132 0
-128 -132 0
-129 -132 0
-130 -132 0
-127 -133 0
-128 -133 0
-129 -133 0
-130 -133 0
-131 -133 0
133 134 135 136 137 138 0
-133 -135 0
-133 -136 0
-134 -136 0
-133 -137 0
-134 -137 0
-135 -137 0
-133 -138 0
-134 -138 0
-135 -138 0
-136 -138 0
-133 -139 0
-134 -139 0
-135 -139 0
-136 -139 0
-137 -139 0
139 140 141 142 143 144 0
-139 -141 0
-139 -142 0
-140 -142 0
-139 -143 0
-140 -143 0
-141 -143 0
-139 -144 0
-140 -144 0
-141 -144 0
-142 -144 0
-139 -145 0
-140 -145 0
-141 -145 0
-142 -145 0
-143 -145 0
145 146 147 148 149 150 0
-145 -147 0
-145 -148 0
-146 -148 0
-145 -149 0
-146 -149 0
-147 -149 0
-145 -150 0
-146 -150 0
-147 -150 0
-148 -150 0
-145 -151 0
-146 -151 0
-147 -151 0
-148 -151 0
-149 -151 0
151 152 153 154 155 156 0
-151 -153 0
-151 -154 0
-152 -154 0
-151 -155 0
-152 -155 0
-153 -155 0
-151 -156 0
-152 -156 0
-153 -156 0
-154 -156 0
-151 -157 0
-152 -157 0
-153 -157 0
-154 -157 0
-155 -157 0
157 158 159 160 161 162 0
-157 -159 0
-157 -160 0
-158 -160 0
-157 -161 0
-158 -161 0
-159 -161 0
-157 -162 0
-158 -162 0
-159 -162 0
-160 -162 0
-157 -163 0
-158 -163 0
-159 -163 0
-160 -163 0
-161 -163 0
163 164 165 166 167 168 0
-163 -165 0
-163 -166 0
-164 -166 0
-163 -167 0
-164 -167 0
-165 -167 0
-163 -168 0
-164 -168 0
-165 -168 0
-166 -168 0
-163 -169 0
-164 -169 0
-165 -169 0
-166 -169 0
-167 -169 0
169 170 171 172 173 174 0
-169 -171 0
-169 -172 0
-170 -172 0
-169 -173 0
-170 -173 0
-171 -173 0
-169 -174 0
-170 -174 0
-171 -174 0
-172 -174 0
-169 -175 0
-170 -175 0
-171 -175 0
-172 -175 0
-173 -175 0
175 176 177 178 179 180 0
-175 -177 0
-175 -178 0
-176 -178 0
-175 -179 0
-176 -179 0
-177 -179 0
-175 -180 0
-176 -180 0
-177 -180 0
-178 -180 0
-175 -181 0
-176 -181 0
-177 -181 0
-178 -181 0
-179 -181 0
181 182 183 184 185 186 0
-181 -183 0
-181 -184 0
-182 -184 0
-181 -185 0
-182 -185 0
-183 -185 0
-181 -186 0
-182 -186 0
-183 -186 0
-184 -186 0
-181 -187 0
-182 -187 0
-183 -187 0
-184 -187 0
-185 -187 0
187 188 189 190 191 192 0
-187 -189 0
-187 -190 0
-188 -190 0
-187 -191 0
-188 -191 0
-189 -191 0
-187 -192 0
-188 -192 0
-189 -192 0
-190 -192 0
-187 -193 0
-188 -193 0
-189 -193 0
-190 -193 0
-191 -193 0
193 194 195 196 197 198 0
-193 -195 0
-193 -196 0
-194 -196 0
-193 -197 0
-194 -197 0
-195 -197 0
-193 -198 0
-194 -198 0
-195 -198 0
-196 -198 0
-193 -199 0
-194 -199 0
-195 -199 0
-196 -199 0
-197 -199 0
199 200 201 202 203 204 0
-199 -201 0
-199 -202 0
-200 -202 0
-199 -203 0
-200 -203 0
-201 -203 0
-199 -204 0
-200 -204 0
-201 -204 0
-202 -204 0
-199 -205 0
-200 -205 0
-201 -205 0
-202 -205 0
-203 -205 0
205 206 207 208 209 210 0
-205 -207 0
-205 -208 0
-206 -208 0
-205 -209 0
-206 -209 0
-207 -209 0
-205 -210 0
-206 -210 0
-207 -210 0
-208 -210 0
-205 -211 0
-206 -211 0
-207 -211 0
-208 -211 0
-209 -211 0
211 212 213 214 215 216 0
-211 -213 0
-211 -214 0
-212 -214 0
-211 -215 0
-212 -215 0
-213 -215 0
-211 -216 0
-212 -216 0
-213 -216 0
-214 -216 0
-211 -217 0
-212 -217 0
-213 -217 0
-214 -217 0
-215 -217 0
1 7 13 19 25 31 0
-1 -7 0
-1 -13 0
-7 -13 0
-1 -19 0
-7 -19 0
-13 -19 0
-1 -25 0
-7 -25 0
-13 -25 0
-19 -25 0
-1 -31 0
-7 -31 0
-13 -31 0
-19 -31 0
-25 -31 0
2 8 14 20 26 32 0
-2 -8 0
-2 -14 0
-8 -14 0
-2 -20 0
-8 -20 0
-14 -20 0
-2 -26 0
-8 -26 0
-14 -26 0
-20 -26 0
-2 -32 0
-8 -32 0
-14 -32 0
-20 -32 0
-26 -32 0
3 9 15 21 27 33 0
-3 -9 0
-3 -15 0
-9 -15 0
-3 -21 0
-9 -21 0
-15 -21 0
-3 -27 0
-9 -27 0
-15 -27 0
-21 -27 0
-3 -33 0
-9 -33 0
-15 -33 0
-21 -33 0
-27 -33 0
4 10 16 22 28 34 0
-4 -10 0
-4 -16 0
-10 -16 0
-4 -22 0
-10 -22 0
-16 -22 0
-4 -28 0
-10 -28 0
-16 -28 0
-22 -28 0
-4 -34 0
-10 -34 0
-16 -34 0
-22 -34 0
-28 -34 0
5 11 17 23 29 35 0
-5 -11 0
-5 -17 0
-11 -17 0
-5 -23 0
-11 -23 0
-17 -23 0
-5 -29 0
-11 -29 0
-17 -29 0
-23 -29 0
-5 -35 0
-11 -35 0
-17 -35 0
-23 -35 0
-29 -35 0
6 12 18 24 30 36 0
-6 -12 0
-6 -18 0
-12 -18 0
-6 -24 0
-12 -24 0
-18 -24 0
-6 -30 0
-12 -30 0
-18 -30 0
-24 -30 0
-6 -36 0
-12 -36 0
-18 -36 0
-24 -36 0
-30 -36 0
37 43 49 55 61 67 0
-37 -43 0
-37 -49 0
-43 -49 0
-37 -55 0
-43 -55 0
-49 -55 0
-37 -61 0
-43 -61 0
-49 -61 0
-55 -61 0
-37 -67 0
-43 -67 0
-49 -67 0
-55 -67 0
-61 -67 0
38 44 50 56 62 68 0
-38 -44 0
-38 -50 0
-44 -50 0
-38 -56 0
-44 -56 0
-50 -56 0
-38 -62 0
-44 -62 0
-50 -62 0
-56 -62 0
-38 -68 0
-44 -68 0
-50 -68 0
-56 -68 0
-62 -68 0
39 45 51 57 63 69 0
-39 -45 0
-39 -51 0
-45 -51 0
-39 -57 0
-45 -57 0
-51 -57 0
-39 -63 0
-45 -63 0
-51 -63 0
-57 -63 0
-39 -69 0
-45 -69 0
-51 -69 0
-57 -69 0
-63 -69 0
40 46 52 58 64 70 0
-40 -46 0
-40 -52 0
-46 -52 0
-40 -58 0
-46 -58 0
-52 -58 0
-40 -64 0
-46 -64 0
-52 -64 0
-58 -64 0
-40 -70 0
-46 -70 0
-52 -70 0
-58 -70 0
-64 -70 0
41 47 53 59 65 71 0
-41 -47 0
-41 -53 0
-47 -53 0
-41 -59 0
-47 -59 0
-53 -59 0
-41 -65 0
-47 -65 0
-53 -65 0
-59 -65 0
-41 -71 0
-47 -71 0
-53 -71 0
-59 -71 0
-65 -71 0
42 48 54 60 66 72 0
-42 -48 0
-42 -54 0
-48 -54 0
-42 -60 0
-48 -60 0
-54 -60 0
-42 -66 0
-48 -66 0
-54 -66 0
-60 -66 0
-42 -72 0
-48 -72 0
-54 -72 0
-60 -72 0
-66 -72 0
73 79 85 91 97 103 0
-73 -79 0
-73 -85 0
-79 -85 0
-73 -91 0
-79 -91 0
-85 -91 0
-73 -97 0
-79 -97 0
-85 -97 0
-91 -97 0
-73 -103 0
-79 -103 0
-85 -103 0
-91 -103 0
-97 -103 0
74 80 86 92 98 104 0
-74 -80 0
-74 -86 0
-80 -86 0
-74 -92 0
-80 -92 0
-86 -92 0
-74 -98 0
-80 -98 0
-86 -98 0
-92 -98 0
-74 -104 0
-80 -104 0
-86 -104 0
-92 -104 0
-98 -104 0
75 81 87 93 99 105 0
-75 -81 0
-75 -87 0
-81 -87 0
-75 -93 0
-81 -93 0
-87 -93 0
-75 -99 0
-81 -99 0
-87 -99 0
-93 -99 0
-75 -105 0
-81 -105 0
-87 -105 0
-93 -105 0
-99 -105 0
76 82 88 94 100 106 0
-76 -82 0
-76 -88 0
-82 -88 0
-76 -94 0
-82 -94 0
-88 -94 0
-76 -100 0
-82 -100 0
-88 -100 0
-94 -100 0
-76 -106 0
-82 -106 0
-88 -106 0
-94 -106 0
-100 -106 0
77 83 89 95 101 107 0
-77 -83 0
-77 -89 0
-83 -89 0
-77 -95 0
-83 -95 0
-89 -95 0
-77 -101 0
-83 -101 0
-89 -101 0
-95 -101 0
-77 -107 0
-83 -107 0
-89 -107 0
-95 -107 0
-101 -107 0
78 84 90 96 102 108 0
-78 -84 0
-78 -90 0
-84 -90 0
-78 -96 0
-84 -96 0
-90 -96 0
-78 -102 0
-84 -102 0
-90 -102 0
-96 -102 0
-78 -108 0
-84 -108 0
-90 -108 0
-96 -108 0
-102 -108 0
109 115 121 127 133 139 0
-109 -115 0
-109 -121 0
-115 -121 0
-109 -127 0
-115 -127 0
-121 -127 0
-109 -133 0
-115 -133 0
-121 -133 0
-127 -133 0
-109 -139 0
-115 -139 0
-121 -139 0
-127 -139 0
-133 -139 0
110 116 122 128 134 140 0
-110 -116 0
-110 -122 0
-116 -122 0
-110 -128 0
-116 -128 0
-122 -128 0
-110 -134 0
-116 -134 0
-122 -134 0
-128 -134 0
-110 -140 0
-116 -140 0
-122 -140 0
-128 -140 0
-134 -140 0
111 117 123 129 135 141 0
-111 -117 0
-111 -123 0
-117 -123 0
-111 -129 0
-117 -129 0
-123 -129 0
-111 -135 0
-117 -135 0
-123 -135 0
-129 -135 0
-111 -141 0
-117 -141 0
-123 -141 0
-129 -141 0
-135 -141 0
112 118 124 130 136 142 0
-112 -118 0
-112 -124 0
-118 -124 0
-112 -130 0
-118 -130 0
-124 -130 0
-112 -136 0
-118 -136 0
-124 -136 0
-130 -136 0
-112 -142 0
-118 -142 0
-124 -142 0
-130 -142 0
-136 -142 0
113 119 125 131 137 143 0
-113 -119 0
-113 -125 0
-119 -125 0
-113 -131 0
-119 -131 0
-125 -131 0
-113 -137 0
-119 -137 0
-125 -137 0
-131 -137 0
-113 -143 0
-119 -143 0
-125 -143 0
-131 -143 0
-137 -143 0
114 120 126 132 138 144 0
-114 -120 0
-114 -126 0
-120 -126 0
-114 -132 0
-120 -132 0
-126 -132 0
-114 -138 0
-120 -138 0
-126 -138 0
-132 -138 0
-114 -144 0
-120 -144 0
-126 -144 0
-132 -144 0
-138 -144 0
145 151 157 163 169 175 0
-145 -151 0
-145 -157 0
-151 -157 0
-145 -163 0
-151 -163 0
-157 -163 0
-145 -169 0
-151 -169 0
-157 -169 0
-163 -169 0
-145 -175 0
-151 -175 0
-157 -175 0
-163 -175 0
-169 -175 0
146 152 158 164 170 176 0
-146 -152 0
-146 -158 0
-152 -158 0
-146 -164 0
-152 -164 0
-158 -164 0
-146 -170 0
-152 -170 0
-158 -170 0
-164 -170 0
-146 -176 0
-152 -176 0
-158 -176 0
-164 -176 0
-170 -176 0
147 153 159 165 171 177 0
-147 -153 0
-147 -159 0
-153 -159 0
-147 -165 0
-153 -165 0
-159 -165 0
-147 -171 0
-153 -171 0
-159 -171 0
-165 -171 0
-147 -177 0
-153 -177 0
-159 -177 0
-165 -177 0
-171 -177 0
148 154 160 166 172 178 0
-148 -154 0
-148 -160 0
-154 -160 0
-148 -166 0
-154 -166 0
-160 -166 0
-148 -172 0
-154 -172 0
-160 -172 0
-166 -172 0
-148 -178 0
-154 -178 0
-160 -178 0
-166 -178 0
-172 -178 0
149 155 161 167 173 179 0
-149 -155 0
-149 -161 0
-155 -161 0
-149 -167 0
-155 -167 0
-161 -167 0
-149 -173 0
-155 -173 0
-161 -173 0
-167 -173 0
-149 -179 0
-155 -179 0
-161 -179 0
-167 -179 0
-173 -179 0
150 156 162 168 174 180 0
-150 -156 0
-150 -162 0
-156 -162 0
-150 -168 0
-156 -168 0
-162 -168 0
-150 -174 0
-156 -174 0
-162 -174 0
-168 -174 0
-150 -180 0
-156 -180 0
-162 -180 0
-168 -180 0
-174 -180 0
181 187 193 199 205 211 0
-181 -187 0
-181 -193 0
-187 -193 0
-181 -199 0
-187 -199 0
-193 -199 0
-181 -205 0
-187 -205 0
-193 -205 0
-199 -205 0
-181 -211 0
-187 -211 0
-193 -211 0
-199 -211 0
-205 -211 0
182 188 194 200 206 212 0
-182 -188 0
-182 -194 0
-188 -194 0
-182 -200 0
-188 -200 0
-194 -200 0
-182 -206 0
-188 -206 0
-194 -206 0
-200 -206 0
-182 -212 0
-188 -212 0
-194 -212 0
-200 -212 0
-206 -212 0
183 189 195 201 207 213 0
-183 -189 0
-183 -195 0
-189 -195 0
-183 -201 0
-189 -201 0
-195 -201 0
-183 -207 0
-189 -207 0
-195 -207 0
-201 -207 0
-183 -213 0
-189 -213 0
-195 -213 0
-201 -213 0
-207 -213 0
184 190 196 202 208 214 0
-184 -190 0
-184 -196 0
-190 -196 0
-184 -202 0
-190 -202 0
-196 -202 0
-184 -208 0
-190 -208 0
-196 -208 0
-202 -208 0
-184 -214 0
-190 -214 0
-196 -214 0
-202 -214 0
-208 -214 0
185 191 197 203 209 215 0
-185 -191 0
-185 -197 0
-191 -197 0
-185 -203 0
-191 -203 0
-197 -203 0
-185 -209 0
-191 -209 0
-197 -209 0
-203 -209 0
-185 -215 0
-191 -215 0
-197 -215 0
-203 -215 0
-209 -215 0
186 192 198 204 210 216 0
-186 -192 0
-186 -198 0
-192 -198 0
-186 -204 0
-192 -204 0
-198 -204 0
-186 -210 0
-192 -210 0
-198 -210 0
-204 -210 0
-186 -216 0
-192 -216 0
-198 -216 0
-204 -216 0
-210 -216 0
1 37 73 109 145 181 0
2 38 74 110 146 182 0
3 39 75 111 147 183 0
4 40 76 112 148 184 0
5 41 77 113 149 185 0
6 42 78 114 150 186 0
7 43 79 115 151 187 0
8 44 80 116 152 188 0
9 45 81 117 153 189 0
10 46 82 118 154 190 0
11 47 83 119 155 191 0
12 48 84 120 156 192 0
13 49 85 121 157 193 0
14 50 86 122 158 194 0
15 51 87 123 159 195 0
16 52 88 124 160 196 0
17 53 89 125 161 197 0
18 54 90 126 162 198 0
19 55 91 127 163 199 0
20 56 92 128 164 200 0
21 57 93 129 165 201 0
22 58 94 130 166 202 0
23 59 95 131 167 203 0
24 60 96 132 168 204 0
25 61 97 133 169 205 0
26 62 98 134 170 206 0
27 63 99 135 171 207 0
28 64 100 136 172 208 0
29 65 101 137 173 209 0
30 66 102 138 174 210 0
31 67 103 139 175 211 0
32 68 104 140 176 212 0
33 69 105 141 177 213 0
34 70 106 142 178 214 0
35 71 107 143 179 215 0
36 72 108 144 180 216 0
